data/processor5/gnn/A_csr_10600.dat
nRows 23493
nCols 23493
[rows 0 to 13 of 14, columns 10472 to 10548 of 23493]
70660 70667 70674 70681 70688 70695 70702 70709 70716 70723 70730 70737 70744 70751 70758 70764 70769 70775 70782 70789 70796 70803 70810 70817 70824 70831 70838 70845 70852 70859 70866 70873 70880 70887 70894 70901 70908 70915 70921 70926 70932 70939 70946 70953 70960 70967 70974 70981 70988 70995 71002 71009 71016 71023 71030 71037 71044 71051 71058 71065 71072 71078 71083 71089 71096 71103 71110 71117 71124 71131 71138 71145 71152 71159 71166 71173 71180
1622 1994 1602 1209 1581 1601 1603 1623 1995 1603 1210 1582 1602 1604 1624 1996 1604 1211 1583 1603 1605 1625 1997 1605 1212 1584 1604 1606 1626 1998 1606 1213 1585 1605 1607 1627 1999 1607 1214 1586 1606 1608 1628 2000 1608 1215 1587 1607 1609 1629 2001 1609 1216 1588 1608 1610 1630 2002 1610 1217 1589 1609 1611 1631 2003 1611 1218 1590 1610 1612 1632 2004 1612 1219 1591 1611 1613
5458 5057 4655 5036 5056 5058 5078 5459 5058 4656 5037 5057 5059 5079 5460 5059 4657 5038 5058 5060 5080 5461 5060 4658 5039 5059 5061 5081 5462 5061 4659 5040 5060 5062 5082 5463 5062 4660 5041 5061 5063 5083 5464 5063 4661 5042 5062 5064 5084 5465 5064 4662 5043 5063 5065 5085 5466 5065 4663 5044 5064 5066 5086 5467 5066 4664 5045 5065 5067 5087 5468 5067 4665 5046 5066 5068 5088
8541 8994 8521 8047 8500 8520 8522 8542 8995 8522 8048 8501 8521 8523 8543 8996 8523 8049 8502 8522 8524 8544 8997 8524 8050 8503 8523 8525 8545 8998 8525 8051 8504 8524 8526 8546 8999 8526 8052 8505 8525 8527 8547 9000 8527 8053 8506 8526 8528 8548 9001 8528 8054 8507 8527 8529 8549 9002 8529 8055 8508 8528 8530 8550 9003 8530 8056 8509 8529 8531 8551 9004 8531 8057 8510 8530 8532
11983 11985 12004 12775 11985 11363 11965 11984 11986 12005 12776 11986 11364 11966 11985 11987 12006 12777 11987 11365 11967 11986 11988 12007 12778 11988 11366 11968 11987 11989 12008 12779 11989 11367 11969 11988 11990 12009 12780 11990 11368 11970 11989 11991 12010 12781 11991 11369 11971 11990 11992 12011 12782 11992 11370 11972 11991 11993 12012 12783 11993 11371 11973 11992 11994 12013 12784 11994 11372 11974 11993 11995 12014 12785 11995 11373 11975
15453 14599 15438 15452 15454 15468 16307 15454 14600 15439 15453 15455 15469 16308 15455 14601 15440 15454 15456 15470 16309 15456 14602 15441 15455 15457 15471 16310 15457 14603 15442 15456 15458 15472 16311 15458 14604 15443 15457 15459 15473 16312 15459 14605 15444 15458 15460 15474 16313 15460 14606 15445 15459 15461 15475 16314 15461 14607 15446 15460 15462 15476 16315 15462 14608 15447 15461 15463 15477 16316 15463 14609 15448 15462 15478 16317 15464
18903 19779 18889 17998 18874 18888 18890 18904 19780 18890 17999 18875 18889 18891 18905 19781 18891 18000 18876 18890 18892 18906 19782 18892 18001 18877 18891 18893 18907 19783 18893 18002 18878 18892 18908 19784 18894 18003 18879 18895 18909 19785 18895 18004 18880 18894 18896 18910 19786 18896 18005 18881 18895 18897 18911 19787 18897 18006 18882 18896 18898 18912 19788 18898 18007 18883 18897 18899 18913 19789 18899 18008 18884 18898 18900 18914 19790
22317 21426 22291 22316 22318 22343 23208 22318 21427 22292 22317 22319 22344 23209 22319 21428 22293 22318 22320 22345 23210 22320 21429 22294 22319 22321 22346 23211 22321 21430 22295 22320 22322 22347 23212 22322 21431 22296 22321 22323 22348 23213 22323 21432 22297 22322 22324 22349 23214 22324 21433 22298 22323 22325 22350 23215 22325 21434 22299 22324 22326 22351 23216 22326 21435 22300 22325 22327 22352 23217 22327 21436 22301 22326 22328 22353 23218
0.135193 3.30982 0.149824 -4.6442 0.11674 1.52302 0.135193 0.173556 2.57895 0.11674 -3.77456 0.090964 1.18674 0.173556 0.222815 2.00952 0.0909634 -3.14132 0.0708834 0.924763 0.222815 0.286066 1.56591 0.0708827 -2.7048 0.0552389 0.72066 0.286066 0.367295 1.2203 0.055238 -2.43769 0.0430502 0.561642 0.367295 0.471627 0.951031 0.0430492 -2.32333 0.0335527 0.437735 0.471627 0.605649 0.741218 0.0335517 -2.35475 0.0261537 0.341206 0.605649 0.777824 0.577764 0.0261528 -2.53402 0.020388 0.265984 0.777824 0.999044 0.450391 0.0203871 -2.87423 0.0158952 0.207371 0.999044 1.28489 0.351139 0.0158945 -3.53086 0.0124195 0.162026 1.28489 1.78475 0.274356 0.0124188 -4.34742 0.007991 0.104251 1.78475
0.625468 0.625467 -1.95649 0.487355 0.487355 0.00309677 0.00397554 0.487353 0.487352 -1.52807 0.379748 0.379748 0.00397554 0.00510386 0.379746 0.379745 -1.19532 0.295916 0.295916 0.00510386 0.00655267 0.295915 0.295914 -0.937375 0.230603 0.230603 0.00655267 0.00841319 0.230602 0.230601 -0.738078 0.179716 0.179716 0.00841319 0.0108028 0.179715 0.179715 -0.584927 0.140064 0.140064 0.0108028 0.013872 0.140063 0.140062 -0.468369 0.109171 0.109171 0.013872 0.0178142 0.10917 0.10917 -0.381076 0.0850967 0.0850963 0.0178142 0.0228783 0.0850953 0.0850948 -0.317635 0.0663363 0.0663358 0.0228783 0.0294159 0.0663345 0.0663338 -0.277505 0.0518117 0.0518106 0.0294159 0.0408519 0.051808 0.0518066 -0.226074 0.0333361 0.0333354 0.0408519 0.0518848
0.009449 0.217361 0.258998 -0.713625 0.201839 0.118972 0.009449 0.0121323 0.169394 0.20184 -0.567045 0.157299 0.0927183 0.0121323 0.0155788 0.132017 0.1573 -0.455953 0.122601 0.0722666 0.0155788 0.020006 0.102898 0.122602 -0.373372 0.0955656 0.0563309 0.020006 0.0256939 0.0802086 0.0955667 -0.314179 0.0744998 0.0439141 0.0256939 0.0330412 0.0625292 0.074501 -0.278489 0.0581999 0.0343067 0.0330412 0.0458915 0.048849 0.0582012 -0.232556 0.037446 0.0220731 0.0458915 0.0582685 0.0314301 0.0374469 -0.243632 0.037137 0.0218905 0.0582685 0.0580264 0.0311719 0.0371377 -0.243386 0.0371363 0.0218901 0.0580264 0.058024 0.0311718 0.037137 -0.243377 0.0371349 0.0218894 0.058024 0.0580223 0.0311711 0.0371357 -0.243368 0.037133 0.0218884 0.0580223
0.0333492 -0.235898 0.0330787 0.0330787 0.051897 0.0516866 0.0330787 0.0330787 -0.20261 0.0330791 0.0330791 0.0516866 0.0516862 0.0330791 -0.20261 0.0330792 0.0330792 0.0516862 0.0516866 0.0330792 -0.202609 0.0330787 0.0330787 0.0516866 0.0516866 0.0330787 -0.20261 0.0330791 0.0330791 0.0516866 0.0516862 0.0330791 -0.150924 0.0330791 0.0330791 0.0516862 0.0330792 -4.11751 1.0289 1.02891 0.00187813 1.02892 1.0289 -3.2153 0.802747 0.802756 0.00187813 0.00241236 0.802761 0.802747 -2.5074 0.625467 0.625475 0.00241236 0.00309681 0.625478 0.625467 -1.9565 0.487353 0.487358 0.00309681 0.00397558 0.487361 0.487353 -1.52807 0.379745 0.37975 0.00397558 0.00510393 0.379752 0.379745 -1.19532 0.295914 0.295918 0.00510393 0.00655277 0.29592
0.266812 0.0927859 0.0205865 0.026434 0.0548218 0.0368184 -0.412082 0.20796 0.0723167 0.026434 0.0339454 0.0427288 0.0286965 -0.351687 0.162103 0.0563682 0.0339454 0.0435961 0.0333063 0.0223682 -0.31338 0.126374 0.0439425 0.0435961 0.0560648 0.0259649 0.0174377 -0.300908 0.0987327 0.0343301 0.0560648 0.0778712 0.0202857 0.0136235 -0.284169 0.0635256 0.0220879 0.0778712 0.0988664 0.0130519 0.00876538 -0.205397 0.0629935 0.0219028 0.0988664 0.0129423 0.00869182 -4.42681 3.32163 0.402818 0.00606596 0.237887 0.458408 -3.46291 2.59153 0.314277 0.00606596 0.00779142 0.185599 0.357649 -2.70516 2.01922 0.244872 0.00779142 0.0100019 0.144611 0.278666 -2.11676 1.57332 0.190795 0.0100019 0.0128399 0.112676 0.217127 -1.66089 1.22592 0.148666
0.309614 0.398201 0.897751 0.004926 -2.3619 0.00384887 0.701443 0.398201 0.553116 0.701442 0.00384886 -2.16295 0.00247646 0.451325 0.553116 0.70223 0.451325 0.00247644 -2.30142 0.00245551 0.447512 0.70223 0.699254 0.447512 0.00245551 -1.85093 0.00245555 0.447519 0.699254 0.699249 0.00245555 -1.85093 0.00245555 0.447519 0.699249 0.699254 0.00245555 -1.85093 0.00245551 0.447512 0.699254 0.699254 0.00245551 -1.85093 0.00245555 0.447519 0.699254 0.699249 0.00245555 -1.85093 0.00245555 0.447519 0.699249 0.699254 0.00245555 -1.15168 0.00245551 0.447512 0.699254 0.00245551 -28.0181 0.0763781 13.9199 0.0254089 13.92 0.0763781 -21.898 0.0595904 10.8604 0.0254089 0.0326365 10.8604 0.0595904 -17.0913 0.0464304 8.46195 0.0326365
