data/processor5/gnn/A_csr_10600.dat
nRows 23493
nCols 23493
[rows 0 to 13 of 14, columns 3773 to 3849 of 23493]
25207 25214 25221 25228 25235 25242 25249 25256 25263 25269 25275 25282 25289 25296 25303 25310 25317 25324 25331 25338 25345 25352 25359 25366 25373 25380 25387 25394 25401 25408 25414 25420 25427 25434 25441 25448 25455 25462 25469 25476 25483 25490 25497 25504 25511 25518 25525 25532 25539 25546 25553 25559 25565 25572 25579 25586 25593 25600 25607 25614 25621 25628 25635 25642 25649 25656 25663 25670 25677 25684 25691 25698 25704 25710 25717 25724 25731
219 591 611 613 633 1005 613 220 592 612 614 634 1006 614 221 593 613 615 635 1007 615 222 594 614 616 636 1008 616 223 595 615 617 637 1009 617 224 596 616 618 638 1010 618 225 597 617 619 639 1011 619 226 598 618 620 640 1012 620 227 599 619 621 641 1013 621 228 600 620 622 642 1014 622 229 601 621 623 643 1015 623
4475 4074 3671 4053 4073 4075 4095 4476 4075 3672 4054 4074 4076 4096 4477 4076 3673 4055 4075 4097 4478 4077 3674 4056 4078 4098 4479 4078 3675 4057 4077 4079 4099 4480 4079 3676 4058 4078 4080 4100 4481 4080 3677 4059 4079 4081 4101 4482 4081 3678 4060 4080 4082 4102 4483 4082 3679 4061 4081 4083 4103 4484 4083 3680 4062 4082 4084 4104 4485 4084 3681 4063 4083 4085 4105 4486 4085
7536 7538 7558 8011 7538 7064 7517 7537 7539 7559 8012 7539 7065 7518 7538 7540 7560 8013 7540 7066 7519 7539 7541 7561 8014 7541 7067 7520 7540 7542 7562 8015 7542 7068 7521 7541 7543 7563 8016 7543 7069 7522 7542 7544 7564 8017 7544 7070 7523 7543 7545 7565 8018 7545 7071 7524 7544 7546 7566 8019 7546 7072 7525 7545 7547 7567 8020 7547 7073 7526 7546 7548 7568 8021 7548 7074 7527
11002 10413 10979 11001 11003 11025 11601 11003 10414 10980 11002 11004 11026 11602 11004 10415 10981 11003 11027 11603 11005 10416 10982 11006 11028 11606 11006 10417 10983 11005 11007 11029 11607 11007 10418 10984 11006 11008 11030 11608 11008 10419 10985 11007 11009 11031 11609 11009 10420 10986 11008 11010 11032 11610 11010 10421 10987 11009 11011 11033 11611 11011 10422 10988 11010 11012 11034 11612 11012 10423 10989 11011 11013 11035 11613 11013 10424
15319 14470 13645 14449 14469 14471 14491 15320 14471 13646 14450 14470 14472 14492 15321 14472 13647 14451 14471 14473 14493 15322 14473 13648 14452 14472 14474 14494 15323 14474 13649 14453 14473 14475 14495 15324 14475 13650 14454 14474 14476 14496 15325 14476 13651 14455 14475 14477 14497 15326 14477 13652 14456 14476 14498 15327 14478 13653 14457 14479 14499 15330 14479 13654 14458 14478 14480 14500 15331 14480 13655 14459 14479 14481 14501 15332 14481
17911 17933 18801 17911 17020 17885 17910 17912 17934 18802 17912 17021 17886 17911 17913 17935 18803 17913 17022 17887 17912 17914 17936 18804 17914 17023 17888 17913 17915 17937 18805 17915 17024 17889 17914 17916 17938 18806 17916 17025 17890 17915 17917 17939 18807 17917 17026 17891 17916 17918 17940 18808 17918 17027 17892 17917 17919 17941 18809 17919 17028 17893 17918 17920 17942 18810 17920 17029 17894 17919 17921 17943 18811 17921 17030 17895 17920
20449 21314 21341 21366 22231 21341 20450 21315 21340 21342 21367 22232 21342 20451 21316 21341 21343 21368 22233 21343 20452 21317 21342 21344 21369 22234 21344 20453 21318 21343 21345 21370 22235 21345 20454 21319 21344 21346 21371 22236 21346 20455 21320 21345 21347 21372 22237 21347 20456 21321 21346 21348 21373 22238 21348 20457 21322 21347 21349 21374 22239 21349 20458 21323 21348 21350 21375 22240 21350 20459 21324 21349 21351 21376 22241 21351 20460
-13.3549 0.0361777 6.59345 0.0418963 0.0537852 6.59341 0.0361777 -10.4544 0.0281898 5.13763 0.0537852 0.0690507 5.1376 0.0281898 -8.20858 0.0219668 4.00349 0.0690507 0.0886525 4.00346 0.0219668 -6.47647 0.0171186 3.11989 0.0886525 0.113825 3.11987 0.0171186 -5.14959 0.0133413 2.43147 0.113825 0.146159 2.43146 0.0133413 -4.14475 0.010398 1.89505 0.146159 0.187693 1.89504 0.010398 -3.39927 0.00810507 1.47716 0.187693 0.241051 1.47715 0.00810505 -2.86632 0.00631826 1.15151 0.241051 0.30961 1.15151 0.00631824 -2.51317 0.00492595 0.897761 0.30961 0.398195 0.897755 0.00492592 -2.3619 0.00384882 0.701452 0.398195 0.553109 0.701448 0.00384878 -2.16294 0.00247642 0.451331 0.553109 0.702221 0.451328 0.0024764
0.0519004 0.0516856 0.0330786 0.033078 -0.233781 0.0330785 0.0311745 0.0516856 0.0516849 0.033079 0.0330783 -0.23378 0.0330784 0.0311741 0.0516849 0.0516851 0.0330789 0.0330782 -0.233777 0.0330778 0.0311733 0.0516851 0.0516849 0.0330784 0.0330775 -0.233777 0.0330781 0.0311734 0.0516849 0.0516843 0.0330788 0.0330778 -0.233777 0.0330781 0.0311732 0.0516843 0.0516845 0.0330787 0.0330777 -0.18209 0.0330775 0.0311725 0.0516845 0.0330782 0.0330771 -4.11756 1.02891 1.02894 0.00187815 1.02891 1.02891 -3.21534 0.802756 0.802781 0.00187815 0.00241239 0.802756 0.802756 -2.50743 0.625475 0.625494 0.00241239 0.00309684 0.625475 0.625475 -1.95652 0.487359 0.487373 0.00309684 0.00397563 0.487359 0.487359 -1.52809 0.37975 0.379762 0.00397563 0.00510399
0.118971 0.009449 0.0121323 0.169394 0.201838 -0.567043 0.157299 0.0927183 0.0121323 0.0155788 0.132017 0.157298 -0.455952 0.122601 0.0722666 0.0155788 0.020006 0.102898 0.122601 -0.37337 0.0955654 0.0563308 0.020006 0.0256937 0.0802086 0.0955652 -0.314175 0.0744991 0.0439137 0.0256937 0.0330407 0.0625287 0.0744991 -0.278484 0.0581991 0.0343061 0.0330407 0.0458905 0.0488482 0.0581992 -0.232551 0.0374453 0.0220727 0.0458905 0.0582674 0.0314295 0.0374454 -0.243628 0.0371366 0.0218902 0.0582674 0.0580255 0.0311717 0.0371366 -0.243381 0.0371358 0.0218898 0.0580255 0.0580229 0.0311715 0.0371358 -0.243373 0.0371343 0.021889 0.0580229 0.0580211 0.0311708 0.0371344 -0.243363 0.0371324 0.0218879 0.0580211 0.058019 0.0311696 0.0371325 -0.243356 0.0371316
0.802752 0.802752 0.00187811 0.00241233 0.802748 0.802747 -2.50739 0.625471 0.625471 0.00241233 0.00309677 0.625468 0.625467 -1.95649 0.487355 0.487355 0.00309677 0.00397554 0.487353 0.487353 -1.52807 0.379748 0.379748 0.00397554 0.00510387 0.379746 0.379745 -1.19532 0.295916 0.295916 0.00510387 0.00655268 0.295915 0.295914 -0.937375 0.230603 0.230603 0.00655268 0.0084132 0.230602 0.230602 -0.738079 0.179716 0.179716 0.0084132 0.0108028 0.179716 0.179715 -0.584929 0.140064 0.140064 0.0108028 0.013872 0.140063 0.140063 -0.468372 0.109171 0.109172 0.013872 0.0178144 0.109171 0.109171 -0.381081 0.0850965 0.0850975 0.0178144 0.0228788 0.0850966 0.0850974 -0.317645 0.0663361 0.0663377 0.0228788 0.0294176 0.0663365 0.0663378 -0.277527
0.803114 -2.50769 0.625467 0.625478 0.00241236 0.00309681 0.625475 0.625757 -1.95671 0.487353 0.487361 0.00309681 0.00397558 0.487359 0.48757 -1.52825 0.379745 0.379752 0.00397558 0.00510393 0.37975 0.379919 -1.19545 0.295914 0.29592 0.00510393 0.00655277 0.295918 0.296037 -0.937474 0.230602 0.230607 0.00655277 0.00841336 0.230605 0.230694 -0.738151 0.179717 0.17972 0.00841336 0.0108031 0.179719 0.179779 -0.584983 0.140066 0.140068 0.0108031 0.0138727 0.140068 0.140106 -0.468418 0.109175 0.109177 0.0138727 0.0178159 0.109177 0.109199 -0.38113 0.0851037 0.0851053 0.0178159 0.022882 0.0851056 0.0851176 -0.317706 0.0663468 0.0663481 0.022882 0.0294263 0.0663486 0.066354 -0.277634 0.051832 0.0518332 0.0294263 0.0408722 0.0518343
0.447519 0.00245552 -2.29843 0.00245548 0.447515 0.699245 0.699245 0.447512 0.00245548 -2.29844 0.00245552 0.447522 0.699245 0.69924 0.447519 0.00245552 -1.59919 0.00245552 0.447522 0.69924 0.447519 0.00245552 -28.018 0.076379 13.9199 0.0254092 13.9199 0.076379 -21.898 0.0595911 10.8604 0.0254092 0.0326369 10.8604 0.0595911 -17.0913 0.0464309 8.46195 0.0326369 0.0418968 8.46195 0.0464309 -13.3548 0.0361782 6.59341 0.0418968 0.0537858 6.59341 0.0361782 -10.4544 0.0281901 5.1376 0.0537858 0.0690515 5.1376 0.0281901 -8.20856 0.0219671 4.00346 0.0690515 0.0886535 4.00346 0.0219671 -6.47645 0.0171188 3.11987 0.0886535 0.113827 3.11987 0.0171188 -5.14958 0.0133414 2.43145 0.113827 0.14616 2.43145 0.0133414
