data/processor5/gnn/A_csr_10600.dat
nRows 23493
nCols 23493
[rows 0 to 13 of 14, columns 13398 to 13474 of 23493]
90389 90396 90403 90410 90417 90424 90430 90436 90443 90450 90457 90464 90471 90478 90485 90492 90499 90506 90513 90520 90527 90534 90541 90548 90555 90562 90569 90575 90581 90588 90595 90602 90609 90616 90623 90630 90637 90644 90651 90658 90665 90672 90679 90686 90693 90700 90707 90714 90719 90725 90732 90739 90746 90753 90760 90767 90774 90781 90788 90795 90802 90809 90816 90823 90830 90837 90844 90851 90858 90863 90869 90876 90883 90890 90897 90904 90911
2032 1639 2011 2031 2033 2053 2425 2033 1640 2012 2032 2034 2054 2426 2034 1641 2013 2033 2035 2055 2427 2035 1642 2014 2034 2036 2056 2428 2036 1643 2015 2035 2037 2057 2429 2037 1644 2016 2036 2038 2058 2430 2038 1645 2017 2037 2039 2059 2431 2039 1646 2018 2038 2040 2060 2432 2040 1647 2019 2039 2041 2061 2433 2041 1648 2020 2040 2042 2062 2434 2042 1649 2021 2041 2043 2063 2435
5487 5085 5466 5486 5488 5507 5895 5488 5086 5467 5487 5489 5508 5896 5489 5087 5468 5488 5490 5509 5897 5490 5088 5469 5489 5491 5510 5898 5491 5089 5470 5490 5899 5492 5090 5472 5493 5511 5900 5493 5091 5473 5492 5494 5512 5901 5494 5092 5474 5493 5495 5513 5902 5495 5093 5475 5494 5496 5514 5903 5496 5094 5476 5495 5497 5515 5904 5497 5095 5477 5496 5498 5516 5905 5498 5096 5478
8971 9466 8951 8477 8930 8950 8972 9467 8952 8478 8931 8953 8973 9468 8953 8479 8932 8952 8954 8974 9469 8954 8480 8933 8953 8955 8975 9470 8955 8481 8934 8954 8956 8976 9471 8956 8482 8935 8955 8957 8977 9472 8957 8483 8936 8956 8958 8978 9473 8958 8484 8937 8957 8959 8979 9474 8959 8485 8938 8958 8960 8980 9475 8960 8486 8939 8959 8961 8981 9476 8961 8487 8940 8960 8962 8982 9477
11649 12415 12439 12441 12465 13243 12441 11650 12416 12440 12442 12466 13244 12442 11651 12417 12441 12443 12467 13245 12443 11652 12418 12442 12444 12468 13246 12444 11653 12419 12443 12445 12469 13247 12445 11654 12420 12444 12446 12470 13248 12446 11655 12421 12445 12471 13249 12447 11656 12422 12448 12472 13251 12448 11657 12423 12447 12449 12473 13252 12449 11658 12424 12448 12450 12474 13253 12450 11659 12425 12449 12451 12475 13254 12451 11660 12426
15881 15883 15907 16736 15883 15029 15857 15882 15884 16737 15884 15030 15858 15883 16738 15885 15031 15860 15886 15908 16739 15886 15032 15861 15885 15887 15909 16740 15887 15033 15862 15886 15888 15910 16741 15888 15034 15863 15887 15889 15911 16742 15889 15035 15864 15888 15890 15912 16743 15890 15036 15865 15889 15891 15913 16744 15891 15037 15866 15890 15892 15914 16745 15892 15038 15867 15891 15893 15915 16746 15893 15039 15868 15892 15894 15916 16747
19319 19344 20209 19319 18428 19293 19318 19320 19345 20210 19320 18429 19294 19319 19321 19346 20211 19321 18430 19295 19320 19322 19347 20212 19322 18431 19296 19321 19323 19348 20213 19323 18432 19297 19322 19349 20214 19324 18433 19298 19325 19350 20215 19325 18434 19299 19324 19326 19351 20216 19326 18435 19300 19325 19327 19352 20217 19327 18436 19301 19326 19328 19353 20218 19328 18437 19302 19327 19329 19354 20219 19329 18438 19303 19328 19330 19355
22772 22774 22799 22774 21883 22748 22773 22775 22800 22775 21884 22749 22774 22776 22801 22776 21885 22750 22775 22777 22802 22777 21886 22751 22776 22778 22803 22778 21887 22752 22777 22779 22804 22779 21888 22753 22778 22780 22805 22780 21889 22754 22779 22781 22806 22781 21890 22755 22780 22782 22807 22782 21891 22756 22781 22783 22808 22783 21892 22757 22782 22809 22784 21893 22758 22785 22810 22785 21894 22759 22784 22786 22811 22786 21895 22760 22785
1.33144 0.296235 0.0086911 -3.14751 0.00467584 0.175023 1.33144 1.33145 0.296235 0.00869102 -1.81607 0.00467577 0.175021 1.33145 0.29623 0.00869085 -22.6103 0.0857858 9.21554 0.0285384 13.1209 0.159559 -17.6835 0.0669302 7.18997 0.0285384 0.0366563 10.2369 0.124487 -13.8112 0.0521492 5.60214 0.0366563 0.0470563 7.9762 0.0969957 -10.8036 0.0406335 4.36505 0.0470563 0.0604092 6.21488 0.0755751 -8.47239 0.0316616 3.40124 0.0604092 0.0775542 4.84264 0.0588875 -6.67165 0.0246721 2.65039 0.0775542 0.0995685 3.77358 0.0458855 -5.28847 0.0192266 2.06539 0.0995685 0.127839 2.94069 0.0357561 -4.23625 0.014984 1.60963 0.127839 0.16415 2.29178 0.0278639 -3.44899 0.0116782 1.2545 0.16415 0.210793 1.78616
0.230604 0.230603 -0.738082 0.179716 0.179717 0.00841335 0.0108029 0.179717 0.179716 -0.584929 0.140063 0.140064 0.0108029 0.0138722 0.140064 0.140063 -0.468368 0.10917 0.109171 0.0138722 0.0178143 0.10917 0.10917 -0.38107 0.0850949 0.085095 0.0178143 0.0228779 0.0850943 0.0850936 -0.317621 0.0663334 0.0663332 0.0228779 0.0294136 0.0663322 0.0663312 -0.277471 0.0518048 0.0518038 0.0294136 0.040847 0.0518019 0.0517998 -0.226048 0.0333314 0.0333305 0.040847 0.0518817 0.0333293 0.0333278 -0.235884 0.0330791 0.0330792 0.0518817 0.0516856 0.0330792 0.033079 -0.235686 0.0330789 0.0330794 0.0516856 0.0516827 0.03308 0.0330796 -0.235684 0.0330799 0.0330816 0.0516827 0.0516753 0.0330827 0.0330821 -0.184033 0.0330848 0.0330893 0.0516753 0.0330932
3.51624 -5.65217 2.74003 0.0238285 0.0472592 0.0606747 0.0403591 2.74001 -4.45915 2.13528 0.0185694 0.0606747 0.077903 0.0314514 2.13527 -3.54514 1.66411 0.0144719 0.077903 0.100032 0.0245113 1.6641 -2.85282 1.29698 0.0112792 0.100032 0.128457 0.0191035 1.29697 -2.33904 1.01097 0.00879185 0.128457 0.164975 0.0148907 1.01096 -1.97151 0.788089 0.00685361 0.164975 0.211895 0.0116078 0.788085 -1.72764 0.61442 0.0053433 0.211895 0.27252 0.0090498 0.614416 -1.62243 0.480063 0.00417487 0.27252 0.378539 0.00707078 0.48006 -1.48414 0.308885 0.00268621 0.378539 0.480596 0.00454951 0.308883 -1.57889 0.30628 0.00266356 0.480596 0.478565 0.00451123 0.306279 -1.57687 0.306285 0.0026636 0.478565 0.478561 0.00451129
-0.235687 0.0330791 0.0330784 0.0516859 0.0516856 0.0330787 0.0330793 -0.150922 0.0330784 0.0516856 0.0330787 0.0330794 -4.11749 1.0289 1.0289 0.00187811 1.02891 1.02891 -3.21529 0.802747 0.802747 0.00187811 0.00241233 0.802751 0.802751 -2.50739 0.625467 0.625467 0.00241233 0.00309677 0.625471 0.625471 -1.95649 0.487353 0.487353 0.00309677 0.00397554 0.487356 0.487356 -1.52807 0.379745 0.379745 0.00397554 0.00510387 0.379748 0.379748 -1.19532 0.295914 0.295914 0.00510387 0.00655269 0.295916 0.295916 -0.937379 0.230602 0.230603 0.00655269 0.00841326 0.230604 0.230604 -0.738086 0.179717 0.179717 0.00841326 0.010803 0.179718 0.179718 -0.584943 0.140066 0.140067 0.010803 0.0138726 0.140067 0.140067 -0.468395 0.109176 0.109177
0.0863584 8.4619 0.0326363 0.041896 8.46195 0.0464302 -13.3859 0.0672876 6.59336 0.041896 0.0537848 6.5934 0.0361776 -10.4786 0.0524313 5.13756 0.0537848 0.0690498 5.13759 0.0281897 -8.22734 0.0408537 4.0034 0.0690498 0.0886507 4.00342 0.0219666 -6.49104 0.0318355 3.1198 0.0886507 0.113822 3.11981 0.0171184 -5.16087 0.0248079 2.43137 0.113822 0.146152 2.43138 0.013341 -4.15346 0.0193323 1.89495 0.146152 0.187682 1.89495 0.0103977 -3.40599 0.0150669 1.47705 0.187682 0.241032 1.47706 0.00810475 -2.87149 0.0117438 1.15141 0.241032 0.30958 1.15141 0.00631795 -2.51713 0.00915438 0.897663 0.30958 0.398145 0.897663 0.00492564 -2.36487 0.00715101 0.701351 0.398145 0.553029 0.701349 0.00384849 -2.16478
0.553103 0.702222 0.451319 0.0024764 -2.30143 0.00245551 0.447527 0.702222 0.699254 0.447512 0.00245551 -2.29847 0.00245555 0.447533 0.699254 0.699249 0.447519 0.00245555 -2.29847 0.00245555 0.447533 0.699249 0.699254 0.447519 0.00245555 -2.29846 0.00245551 0.447527 0.699254 0.699254 0.447512 0.00245551 -2.29847 0.00245555 0.447533 0.699254 0.699249 0.447519 0.00245555 -2.29847 0.00245555 0.447533 0.699249 0.699254 0.447519 0.00245555 -2.29846 0.00245551 0.447526 0.699254 0.699254 0.447512 0.00245551 -2.29847 0.00245555 0.447533 0.699254 0.699249 0.447519 0.00245555 -2.29847 0.00245555 0.447533 0.699249 0.699254 0.447519 0.00245555 -2.29846 0.00245551 0.447526 0.699254 0.699254 0.447512 0.00245551 -2.29847 0.00245555 0.447533
