data/processor5/gnn/A_csr_10600.dat
nRows 23493
nCols 23493
[rows 0 to 13 of 14, columns 7238 to 7314 of 23493]
48736 48743 48750 48757 48764 48771 48778 48785 48792 48799 48806 48813 48820 48827 48834 48841 48847 48853 48860 48867 48874 48881 48888 48895 48902 48909 48916 48923 48930 48937 48944 48951 48957 48963 48968 48973 48979 48985 48991 48997 49003 49009 49015 49021 49027 49033 49039 49045 49051 49056 49060 49065 49070 49075 49080 49085 49090 49095 49100 49105 49110 49115 49120 49125 49129 49134 49140 49146 49152 49158 49164 49170 49176 49182 49188 49194 49200
1119 1140 1513 1121 728 1101 1122 1141 1514 1122 729 1102 1121 1123 1142 1515 1123 730 1103 1122 1124 1143 1516 1124 731 1104 1123 1125 1144 1517 1125 732 1105 1124 1126 1145 1518 1126 733 1106 1125 1127 1146 1519 1127 734 1107 1126 1128 1147 1520 1128 735 1108 1127 1129 1148 1521 1129 736 1109 1128 1130 1149 1522 1130 737 1110 1129 1131 1150 1523 1131 738 1111 1130 1132
4582 4180 4561 4581 4583 4603 4984 4583 4181 4562 4582 4604 4985 4584 4182 4563 4585 4605 4986 4585 4183 4564 4584 4586 4606 4987 4586 4184 4565 4585 4587 4607 4988 4587 4185 4566 4586 4588 4608 4989 4588 4186 4567 4587 4589 4609 4990 4589 4187 4568 4588 4590 4610 4991 4590 4188 4569 4589 4591 4611 4992 4591 4189 4570 4590 4592 4612 4993 4592 4190 4571 4591 4593 4613 4994 4593 4191
8066 8519 8046 7572 8025 8047 8067 8520 8047 7573 8026 8046 8048 8068 8521 8048 7574 8027 8047 8049 8069 8522 8049 7575 8028 8048 8050 8070 8523 8050 7576 8029 8049 8051 8071 8524 8051 7577 8030 8050 8052 8072 8525 8052 7578 8031 8051 8053 8073 8526 8053 7579 8032 8052 8054 8074 8527 8054 7580 8033 8053 8055 8075 8528 8055 7581 8034 8054 8056 8076 8529 8056 7582 8035 8055 8057 8077
11512 11536 12302 11512 10919 11487 11511 11513 11537 12303 11513 10920 11488 11512 11514 11538 12304 11514 10921 11489 11513 11515 11539 12305 11515 10922 11490 11514 11516 11540 12306 11516 10923 11491 11515 11517 11541 12307 11517 10924 11492 11516 11518 11542 12308 11518 10925 11493 11517 11519 11543 12309 11519 10926 11494 11518 11520 11544 12310 11520 10927 11495 11519 11521 11545 12311 11521 10928 11496 11520 11522 11546 12312 11522 10929 11497 11521
15832 14979 14153 14953 14978 15005 15833 14980 14154 14954 14981 15006 15834 14981 14155 14955 14980 14982 15007 15835 14982 14156 14956 14981 14983 15008 15836 14983 14157 14957 14982 14984 15009 15837 14984 14158 14958 14983 14985 15010 15838 14985 14159 14959 14984 14986 15011 15839 14986 14160 14960 14985 14987 15012 15840 14987 14161 14961 14986 14988 15013 15841 14988 14162 14962 14987 14989 15014 15842 14989 14163 14963 14988 14990 15015 15843 14990
18445 19310 18420 17529 18394 18419 18421 18446 19311 18421 17530 18395 18420 18422 18447 19312 18422 17531 18396 18421 18423 18448 19313 18423 17532 18397 18422 18424 18449 19314 18424 17533 18398 18423 18425 18450 19315 18425 17534 18399 18424 18426 18451 19316 18426 17535 18400 18425 18427 18452 19317 18427 17536 18401 18426 18428 18453 19318 18428 17537 18402 18427 18429 18454 19319 18429 17538 18403 18428 18430 18455 19320 18430 17539 18404 18429 18431
22740 21850 20959 21824 21849 21851 21876 22741 21851 20960 21825 21850 21852 21877 22742 21852 20961 21826 21851 21853 21878 22743 21853 20962 21827 21852 21854 21879 22744 21854 20963 21828 21853 21855 21880 22745 21855 20964 21829 21854 21856 21881 22746 21856 20965 21830 21855 21857 21882 22747 21857 20966 21831 21856 21858 21883 22748 21858 20967 21832 21857 21859 21884 22749 21859 20968 21833 21858 21860 21885 22750 21860 20969 21834 21859 21861 21886
0.244248 0.748901 -5.65947 0.58358 0.112368 1.83443 2.35518 0.19033 0.58358 -6.52458 0.454781 0.0875677 2.35518 3.02394 0.148323 0.454781 -7.79958 0.354432 0.0682456 3.02394 3.88293 0.115595 0.354432 -9.56505 0.276239 0.0531897 3.88293 4.98636 0.0900931 0.276239 -11.9326 0.215323 0.0414604 4.98636 6.4039 0.0702259 0.215323 -15.0519 0.167854 0.0323202 6.4039 8.22525 0.0547442 0.167854 -19.1335 0.130865 0.025198 8.22525 10.5787 0.0426806 0.130865 -25.5304 0.10225 0.0196881 10.5787 14.6942 0.033348 0.10225 -33.5153 0.0657897 0.0126678 14.6942 18.6554 0.0214568 0.0657898 -37.396 0.0652327 0.0125605 18.6554 18.5763 0.0212751 0.0652327 -37.3167 0.0652337 0.0125607 18.5763 18.5761
0.0516849 0.0330789 0.0330789 -0.235686 0.0330788 0.0330788 0.0516849 0.0516852 0.033079 0.033079 -0.235684 0.0330782 0.0330782 0.0516852 0.0516852 0.0330786 0.0330786 -0.235685 0.0330787 0.0330787 0.0516852 0.0516851 0.0330789 0.0330789 -0.235687 0.033079 0.033079 0.0516851 0.0516852 0.0330795 0.0330796 -0.184005 0.0330791 0.0330791 0.0516852 0.0330806 0.0330806 -4.11749 1.0289 1.02891 0.00187811 1.0289 1.02891 -3.21529 0.802747 0.802752 0.00187811 0.00241233 0.802747 0.802752 -2.50739 0.625467 0.625471 0.00241233 0.00309677 0.625467 0.625471 -1.95649 0.487353 0.487355 0.00309677 0.00397554 0.487353 0.487355 -1.52807 0.379745 0.379748 0.00397554 0.00510387 0.379745 0.379748 -1.19532 0.295914 0.295916 0.00510387 0.00655268 0.295914
0.0516813 0.0330772 0.0330757 -4.11755 1.02891 1.02894 0.00187814 1.02891 1.02891 -3.21534 0.802756 0.802778 0.00187814 0.00241238 0.802754 0.802758 -2.50742 0.625475 0.625492 0.00241238 0.00309683 0.625472 0.625476 -1.95652 0.487358 0.487371 0.00309683 0.00397562 0.487357 0.487359 -1.52809 0.37975 0.37976 0.00397562 0.00510397 0.379749 0.379751 -1.19534 0.295918 0.295925 0.00510397 0.00655282 0.295917 0.295919 -0.937391 0.230605 0.230611 0.00655282 0.00841341 0.230604 0.230605 -0.738094 0.179719 0.179722 0.00841341 0.0108031 0.179718 0.179719 -0.584945 0.140067 0.140069 0.0108031 0.0138726 0.140066 0.140067 -0.468391 0.109175 0.109177 0.0138726 0.0178157 0.109175 0.109176 -0.381111 0.0851034 0.0851042 0.0178157 0.0228816
1.19112 0.244649 0.00459403 0.00589744 0.41409 1.19112 -2.38293 0.928092 0.190625 0.00589744 0.0075709 0.322649 0.928092 -1.86356 0.723166 0.148534 0.0075709 0.00971955 0.251407 0.723166 -1.46087 0.563514 0.115743 0.00971955 0.0124785 0.195904 0.563514 -1.14963 0.439137 0.0901965 0.0124785 0.0160214 0.152665 0.439137 -0.910316 0.342228 0.0702923 0.0160214 0.0205716 0.118974 0.342229 -0.727921 0.266714 0.0547826 0.0205716 0.026416 0.0927221 0.266716 -0.591085 0.207886 0.0427 0.026416 0.033924 0.0722706 0.207888 -0.491216 0.162049 0.0332853 0.033924 0.0435703 0.0563353 0.162051 -0.422137 0.126333 0.0259493 0.0435703 0.0560323 0.0439184 0.126335 -0.385843 0.0986982 0.0202735 0.0560323 0.0778273 0.0343112 0.0987006 -0.338772
0.179846 0.00841955 0.0108098 0.179843 0.0248085 -0.464424 0.140107 0.140149 0.0108098 0.0138796 0.140146 0.0193328 -0.374425 0.109202 0.109228 0.0138796 0.0178233 0.109225 0.0150675 -0.307857 0.0851219 0.0851405 0.0178233 0.0228898 0.0851365 0.0117447 -0.260575 0.0663586 0.0663706 0.0228898 0.029434 0.0663662 0.00915545 -0.232998 0.0518404 0.0518479 0.029434 0.0408804 0.0518432 0.00715212 -0.197456 0.0333548 0.033359 0.0408804 0.0519044 0.0333558 0.00460169 -0.207395 0.0330792 0.0330815 0.0519044 0.0516874 0.0330788 0.00456341 -0.207174 0.0330792 0.0330811 0.0516874 0.0516846 0.0330782 0.00456335 -0.207164 0.0330782 0.0330792 0.0516846 0.0516828 0.033076 0.00456309 -0.207157 0.0330773 0.033078 0.0516828 0.051681 0.0330746 0.00456292 -0.20715 0.033077
0.0886535 4.00346 0.0219671 -6.47655 0.0171188 3.11996 0.0886535 0.113827 3.11987 0.0171188 -5.14965 0.0133414 2.43153 0.113827 0.14616 2.43145 0.0133414 -4.14479 0.0103981 1.8951 0.14616 0.187695 1.89504 0.0103981 -3.39929 0.00810512 1.47719 0.187695 0.241053 1.47715 0.00810512 -2.86633 0.00631828 1.15153 0.241053 0.309611 1.1515 0.00631828 -2.51318 0.00492595 0.897773 0.309611 0.398194 0.897746 0.00492594 -2.36189 0.00384879 0.701456 0.398194 0.553106 0.701436 0.00384878 -2.16294 0.00247641 0.451334 0.553106 0.702224 0.451321 0.0024764 -2.30143 0.00245551 0.447527 0.702224 0.699254 0.447512 0.00245551 -2.29847 0.00245555 0.447533 0.699254 0.699249 0.447519 0.00245555 -2.29847 0.00245555 0.447533 0.699249
