data/processor4/gnn/A_csr_10600.dat
nRows 23366
nCols 23366
[rows 0 to 13 of 14, columns 4774 to 4850 of 23366]
31807 31814 31821 31828 31835 31842 31849 31856 31863 31870 31877 31884 31891 31898 31905 31912 31919 31926 31933 31939 31945 31952 31959 31966 31973 31980 31987 31994 32001 32008 32015 32022 32029 32036 32043 32050 32057 32064 32071 32078 32085 32092 32099 32106 32113 32120 32127 32134 32141 32148 32155 32162 32169 32176 32183 32190 32197 32204 32211 32217 32223 32230 32237 32244 32251 32258 32265 32272 32279 32286 32293 32300 32307 32314 32321 32328 32335
812 814 835 1585 814 43 813 836 1586 815 44 793 816 838 1587 816 45 794 815 817 839 1588 817 46 795 816 818 840 1589 818 47 796 817 819 841 1590 819 48 797 818 820 842 1591 820 49 798 819 821 843 1592 821 50 799 820 822 844 1593 822 51 800 821 823 845 1594 823 52 801 822 824 846 1595 824 53 802 823 825 847
4230 3460 4190 4229 4231 4270 4996 4231 3461 4191 4230 4232 4271 4997 4232 3462 4192 4231 4233 4272 4998 4233 3463 4193 4232 4234 4273 4999 4234 3464 4194 4233 4235 4274 5000 4235 3465 4195 4234 4236 4275 5001 4236 3466 4196 4235 4237 4276 5002 4237 3467 4197 4236 4238 4277 5003 4238 3468 4198 4237 4239 4278 5004 4239 3469 4199 4238 4240 4279 5005 4240 3470 4200 4239 4241 4280 5006
6895 7609 7648 7650 8395 7650 6896 7610 7649 7651 8396 7651 6897 7611 7650 7652 8397 7652 6898 7612 7651 7653 8398 7653 6899 7613 7652 7654 8399 7654 6900 7614 7653 7655 8400 7655 6901 7615 7654 7656 8401 7656 6902 7616 7655 7657 8402 7657 6903 7617 7656 7658 8403 7658 6904 7618 7657 7659 8404 7659 6905 7619 7658 7660 8405 7660 6906 7620 7659 7661 8406 7661 6907 7621 7660 7662 8407
11081 11120 11748 11081 10398 11041 11080 11082 11121 11749 11082 10399 11042 11081 11083 11122 11750 11083 10400 11043 11082 11084 11123 11751 11084 10401 11044 11083 11085 11124 11752 11085 10402 11045 11084 11086 11125 11753 11086 10403 11046 11085 11087 11126 11754 11087 10404 11047 11086 11088 11127 11755 11088 10405 11048 11087 11089 11128 11756 11089 10406 11049 11088 11129 11757 11090 10407 11050 11091 11130 11758 11091 10408 11051 11090 11092 11131
13981 14502 14543 14545 14586 15069 14545 13982 14503 14544 14546 14587 15070 14546 13983 14504 14545 14547 14588 15071 14547 13984 14505 14546 14548 14589 15072 14548 13985 14506 14547 14549 14590 15073 14549 13986 14507 14548 14550 14591 15074 14550 13987 14508 14549 14551 14592 15075 14551 13988 14509 14550 14552 14593 15076 14552 13989 14510 14551 14553 14594 15077 14553 13990 14511 14552 14554 14595 15078 14554 13991 14512 14553 14555 14596 15079 14555
18025 18055 18379 18025 17667 17993 18024 18026 18056 18380 18026 17668 17994 18025 18027 18057 18381 18027 17669 17995 18026 18028 18058 18382 18028 17670 17996 18027 18029 18059 18383 18029 17671 17997 18028 18030 18060 18384 18030 17672 17998 18029 18031 18061 18385 18031 17673 17999 18030 18032 18062 18386 18032 17674 18000 18031 18033 18063 18387 18033 17675 18001 18032 18034 18064 18388 18034 17676 18002 18033 18035 18065 18389 18035 17677 18003 18034
21503 21505 21534 21999 21505 21010 21481 21504 21506 21535 22000 21506 21011 21482 21505 21507 21536 22001 21507 21012 21483 21506 21508 21537 22002 21508 21013 21484 21507 21509 21538 22003 21509 21014 21485 21508 21539 22004 21510 21015 21511 21540 22005 21511 21016 21510 21512 21541 22006 21512 21017 21511 21513 21542 22007 21513 21018 21512 21514 21543 22008 21514 21019 21513 21515 21544 22009 21515 21020 21514 21516 21545 22010 21516 21021 21486 21515
0.0537852 0.0690507 5.1376 0.0281898 -8.20858 0.0219668 4.00349 0.0690507 0.0886525 4.00346 0.0219668 -6.47647 0.0171186 3.11989 0.0886525 0.113825 3.11987 0.0171186 -5.14959 0.0133413 2.43147 0.113825 0.146159 2.43145 0.0133413 -4.14474 0.010398 1.89505 0.146159 0.187693 1.89504 0.010398 -3.39925 0.00810503 1.47715 0.187693 0.24105 1.47714 0.00810505 -2.86629 0.00631821 1.1515 0.24105 0.309606 1.1515 0.00631823 -2.51314 0.00492588 0.897748 0.309606 0.398188 0.897744 0.00492591 -2.36185 0.00384873 0.701435 0.398188 0.553096 0.701432 0.00384876 -2.1629 0.00247637 0.45132 0.553096 0.702213 0.451318 0.00247639 -2.3014 0.00245548 0.447515 0.702213 0.699245 0.447512 0.00245548 -2.29844 0.00245552 0.447522
2.25631 2.2563 0.103371 0.00792316 -4.80687 0.00792348 0.175038 2.2563 2.25631 0.103371 0.00792317 -4.80688 0.00792335 0.175036 2.25631 2.25631 0.10337 0.00792306 -4.80687 0.00792347 0.175038 2.25631 2.2563 0.103371 0.00792318 -4.80687 0.00792348 0.175039 2.2563 2.25631 0.103372 0.00792319 -4.80688 0.0079234 0.175037 2.25631 2.25632 0.103371 0.00792312 -4.80689 0.00792345 0.175038 2.25632 2.25631 0.103371 0.00792318 -4.80689 0.00792345 0.175038 2.25631 2.25632 0.103371 0.0079232 -4.80689 0.0079234 0.175038 2.25632 2.25632 0.103371 0.00792316 -4.80688 0.00792349 0.17504 2.25632 2.25631 0.103372 0.00792326 -4.80689 0.0079235 0.17504 2.25631 2.25633 0.103372 0.00792329 -4.80691 0.00792338 0.175038
0.00510387 0.379745 0.379745 -1.19532 0.295916 0.295916 0.00510387 0.00655269 0.295915 0.295915 -0.937377 0.230604 0.230603 0.00655269 0.00841323 0.230602 0.230602 -0.738083 0.179717 0.179717 0.00841323 0.0108029 0.179716 0.179716 -0.584938 0.140066 0.140066 0.0108029 0.0138724 0.140065 0.140065 -0.468387 0.109176 0.109175 0.0138724 0.0178154 0.109175 0.109174 -0.381108 0.0851036 0.0851027 0.0178154 0.0228812 0.0851031 0.0851021 -0.317688 0.0663464 0.0663452 0.0228812 0.0294245 0.066346 0.0663447 -0.277612 0.051831 0.0518289 0.0294245 0.040869 0.0518306 0.0518284 -0.22616 0.0333495 0.0333481 0.040869 0.0518961 0.0333492 0.0333477 -0.235895 0.0330785 0.0330785 0.0518961 0.0516853 0.0330783 0.0330783 -0.235686 0.0330789 0.0330789 0.0516853
0.0330789 0.0516853 0.0516848 0.0330787 0.0330789 -0.235685 0.0330787 0.033079 0.0516848 0.0516846 0.0330787 0.0330794 -0.235685 0.0330791 0.0330791 0.0516846 0.0516833 0.0330787 0.0330803 -0.184007 0.0330809 0.0330805 0.0516833 0.0330789 0.0330831 -4.11751 1.02891 1.0289 0.00187813 1.0289 1.02892 -3.2153 0.802756 0.802747 0.00187813 0.00241236 0.802747 0.802761 -2.5074 0.625475 0.625467 0.00241236 0.00309681 0.625467 0.625478 -1.9565 0.487358 0.487353 0.00309681 0.00397558 0.487353 0.487361 -1.52807 0.37975 0.379745 0.00397558 0.00510393 0.379745 0.379752 -1.19532 0.295918 0.295914 0.00510393 0.00655276 0.295914 0.29592 -0.93738 0.230605 0.230602 0.00655276 0.00841331 0.230602 0.230606 -0.738084 0.179718 0.179715 0.00841331
0.0580162 0.0580184 0.0218866 0.0371313 -0.243359 0.037132 0.0311685 0.0580184 0.0580205 0.0218874 0.0371326 -0.243369 0.0371336 0.0311692 0.0580205 0.0580231 0.0218882 0.0371341 -0.243378 0.037135 0.0311702 0.0580231 0.0580254 0.0218891 0.0371356 -0.243389 0.037137 0.0311716 0.0580254 0.0580272 0.0218903 0.0371375 -0.243399 0.0371387 0.0311725 0.0580272 0.0580302 0.0218913 0.0371391 -0.243408 0.0371397 0.031173 0.0580302 0.0580329 0.021892 0.0371403 -0.24342 0.037142 0.0311744 0.0580329 0.058035 0.0218932 0.0371424 -0.24343 0.0371437 0.0311752 0.058035 0.0580379 0.0218941 0.037144 -0.243438 0.0371446 0.0311756 0.0580379 0.0580403 0.0218946 0.037145 -0.243449 0.0371468 0.0311769 0.0580403 0.0580422 0.0218958 0.037147 -0.243458 0.0371483 0.0311776
0.0630179 -0.357699 0.0629917 0.021899 0.0984237 0.098426 0.0129382 0.0630201 -0.35743 0.0629916 0.0218989 0.098426 0.0981546 0.0129381 0.0630211 -0.341193 0.0626441 0.021778 0.0981546 0.0830742 0.0128669 0.0626749 -0.371036 0.0852575 0.0296395 0.0830742 0.0702522 0.0175115 0.0853011 -0.211094 0.0315167 0.0702522 0.0186202 0.0907046 -0.400821 0.106727 0.0129361 0.166761 0.00764027 0.106757 -0.567581 0.106726 0.0129361 0.166761 0.166762 0.00764025 0.106756 -0.567576 0.106724 0.0129358 0.166762 0.166761 0.00764011 0.106754 -0.567577 0.106725 0.0129359 0.166761 0.166759 0.00764021 0.106755 -0.567575 0.106725 0.0129358 0.166759 0.16676 0.0076402 0.106754 -0.567572 0.106723 0.0129356 0.16676 0.16676 0.00764007 0.106753 -0.567573 0.106725
