data/processor4/gnn/A_csr_10600.dat
nRows 23366
nCols 23366
[rows 0 to 13 of 14, columns 3465 to 3541 of 23366]
22889 22896 22903 22910 22917 22924 22931 22938 22945 22952 22959 22966 22973 22980 22987 22994 23001 23008 23015 23022 23029 23036 23043 23050 23057 23064 23071 23078 23085 23092 23099 23106 23112 23118 23125 23132 23139 23146 23153 23160 23167 23174 23181 23188 23195 23202 23209 23216 23223 23230 23237 23244 23251 23258 23265 23272 23279 23286 23293 23300 23307 23314 23321 23328 23335 23342 23349 23356 23363 23370 23377 23384 23390 23396 23403 23410 23417
590 629 1360 590 550 589 591 630 1361 591 551 590 592 631 1362 592 552 591 593 632 1363 593 553 592 594 633 1364 594 554 593 595 634 1365 595 555 594 596 635 1366 596 556 595 597 636 1367 597 557 596 598 637 1368 598 558 597 599 638 1369 599 559 598 600 639 1370 600 560 599 601 640 1371 601 561 600 602 641 1372 602 562
4042 4081 4807 4042 3272 4002 4041 4043 4082 4808 4043 3273 4003 4042 4044 4083 4809 4044 3274 4004 4043 4045 4084 4810 4045 3275 4005 4044 4046 4085 4811 4046 3276 4006 4045 4047 4086 4812 4047 3277 4007 4046 4048 4087 4813 4048 3278 4008 4047 4049 4088 4814 4049 3279 4009 4048 4050 4089 4815 4050 3280 4010 4049 4051 4090 4816 4051 3281 4011 4050 4052 4091 4817 4052 3282 4012 4051
7457 6703 7417 7456 7458 7497 8203 7458 6704 7418 7457 7459 7498 8204 7459 6705 7419 7458 7460 7499 8205 7460 6706 7420 7459 7461 7500 8206 7461 6707 7421 7460 7462 7501 8207 7462 6708 7422 7461 7502 8208 7463 6709 7423 7464 7503 8209 7464 6710 7424 7463 7465 7504 8210 7465 6711 7425 7464 7466 7505 8211 7466 6712 7426 7465 7467 7506 8212 7467 6713 7427 7466 7468 7507 8213 7468 6714
10891 10893 10932 11560 10893 10210 10853 10892 10894 10933 11561 10894 10211 10854 10893 10895 10934 11562 10895 10212 10855 10894 10896 10935 11563 10896 10213 10856 10895 10897 10936 11564 10897 10214 10857 10896 10898 10937 11565 10898 10215 10858 10897 10899 10938 11566 10899 10216 10859 10898 10900 10939 11567 10900 10217 10860 10899 10901 10940 11568 10901 10218 10861 10900 10902 10941 11569 10902 10219 10862 10901 10903 10942 11570 10903 10220 10863
14397 14880 14356 13793 14314 14355 14357 14398 14881 14357 13794 14315 14356 14358 14399 14882 14358 13795 14316 14357 14359 14400 14883 14359 13796 14317 14358 14360 14401 14884 14360 13797 14318 14359 14361 14402 14885 14361 13798 14319 14360 14362 14403 14886 14362 13799 14320 14361 14363 14404 14887 14363 13800 14321 14362 14364 14405 14888 14364 13801 14322 14363 14365 14406 14889 14365 13802 14323 14364 14366 14407 14890 14366 13803 14324 14365 14408
17832 17834 17862 18192 17834 17479 17805 17833 17835 17863 18193 17835 17806 17834 17864 18194 17836 17480 17807 17837 17865 18195 17837 17481 17808 17836 17838 17866 18196 17838 17482 17809 17837 17839 17867 18197 17839 17483 17810 17838 17840 17868 18198 17840 17484 17811 17839 17841 17869 18199 17841 17485 17812 17840 17842 17870 18200 17842 17486 17813 17841 17843 17871 18201 17843 17487 17814 17842 17844 17872 18202 17844 17488 17815 17843 17845 17873
21306 20811 21274 21305 21307 21338 21801 21307 20812 21275 21306 21308 21339 21802 21308 20813 21276 21307 21309 21340 21803 21309 20814 21277 21308 21310 21341 21804 21310 20815 21278 21309 21311 21342 21805 21311 20816 21279 21310 21312 21343 21806 21312 20817 21280 21311 21313 21344 21807 21313 20818 21281 21312 21314 21345 21808 21314 20819 21282 21313 21315 21346 21809 21315 20820 21283 21314 21316 21347 21810 21316 20821 21284 21315 21348 21811 21317
-14.0981 0.0763784 0.025409 13.9199 0.0763784 -11.0376 0.0595906 0.025409 0.0326366 10.8604 0.0595906 -8.62935 0.0464305 0.0326366 0.0418964 8.46195 0.0464305 -6.76144 0.0361779 0.0418964 0.0537854 6.59341 0.0361779 -5.31681 0.0281899 0.0537854 0.069051 5.1376 0.0281899 -4.2051 0.0219669 0.069051 0.0886528 4.00346 0.0219669 -3.35659 0.0171187 0.0886528 0.113826 3.11987 0.0171187 -2.71813 0.0133413 0.113826 0.146159 2.43146 0.0133413 -2.24969 0.0103981 0.146159 0.187694 1.89504 0.0103981 -1.92211 0.00810508 0.187694 0.241052 1.47715 0.0081051 -1.7148 0.00631825 0.241052 0.30961 1.1515 0.00631828 -1.61541 0.00492592 0.30961 0.398195 0.897753 0.00492595 -2.36188 0.00384876 0.701438 0.398195 0.553107 0.701444
-2.29844 0.00245552 0.447522 0.699245 0.69924 0.447519 0.00245547 -2.29844 0.00245552 0.447522 0.69924 0.699245 0.447519 0.00245547 -2.29843 0.00245548 0.447515 0.699245 0.699245 0.447512 0.00245544 -2.29844 0.00245552 0.447522 0.699245 0.69924 0.447519 0.00245549 -2.29844 0.00245552 0.447522 0.69924 0.699245 0.447519 0.0024555 -2.29843 0.00245548 0.447515 0.699245 0.699245 0.447512 0.00245546 -1.5992 0.00245552 0.447522 0.699245 0.447519 0.00245551 -28.0185 0.076379 13.9199 0.0254092 13.9204 0.0763788 -21.8983 0.0595911 10.8604 0.0254092 0.0326369 10.8607 0.0595909 -17.0916 0.0464309 8.46195 0.0326369 0.0418968 8.46221 0.0464308 -13.355 0.0361782 6.5934 0.0418968 0.0537858 6.59361 0.036178 -10.4546 0.0281901
1.48848 -7.62932 1.48847 0.000928432 2.32571 2.32573 1.48848 -7.62929 1.48845 0.000928417 2.32573 2.32573 1.48846 -7.62932 1.48847 0.000928431 2.32573 2.32571 1.48848 -7.62932 1.48847 0.000928432 2.32571 2.32573 1.48848 -7.62929 1.48845 0.000928418 2.32573 2.32573 1.48846 -5.30361 1.48847 0.000928431 2.32573 1.48848 -0.196325 0.0518233 0.040862 0.051821 0.0518188 -0.192782 0.0333442 0.040862 0.0518916 0.0333426 0.0333411 -0.202812 0.0330786 0.0518916 0.0516855 0.0330783 0.0330784 -0.202607 0.0330791 0.0516855 0.0516851 0.0330788 0.0330789 -0.202607 0.033079 0.0516851 0.0516856 0.033079 0.0330788 -0.150923 0.0330789 0.0516856 0.0330795 0.0330789 -3.08859 1.02891 0.00187811 1.0289 1.0289 -2.41254 0.802754
0.169442 0.217592 0.00665923 2.19689 -3.93589 1.71243 0.00879197 0.217592 0.279449 0.00519074 1.71243 -3.31911 1.33491 0.00685371 0.279449 0.358928 0.0040464 1.33492 -2.91054 1.04074 0.00534338 0.358928 0.461622 0.00315471 1.04075 -2.7358 0.813166 0.00417494 0.461622 0.641209 0.00246486 0.813166 -2.50598 0.523211 0.00268626 0.641209 0.814078 0.00158595 0.523211 -2.66654 0.518795 0.00266359 0.814078 0.810635 0.00157257 0.518794 -2.6631 0.518802 0.00266363 0.810635 0.810629 0.0015726 0.518802 -2.6631 0.518802 0.00266363 0.810629 0.810635 0.0015726 0.518802 -2.66309 0.518794 0.00266359 0.810635 0.810634 0.00157257 0.518794 -2.6631 0.518802 0.00266363 0.810634 0.810628 0.0015726 0.518802 -2.6631 0.518802 0.00266363
0.0330788 0.0330794 -0.235687 0.0330799 0.0330792 0.0516852 0.0516847 0.0330785 0.0330795 -0.184005 0.0330821 0.0330792 0.0516847 0.0330787 0.0330802 -4.11749 1.0289 1.0289 0.00187811 1.02891 1.02891 -3.21529 0.802748 0.802747 0.00187811 0.00241233 0.802751 0.802751 -2.50739 0.625468 0.625467 0.00241233 0.00309677 0.625471 0.625471 -1.95649 0.487353 0.487353 0.00309677 0.00397554 0.487355 0.487355 -1.52807 0.379746 0.379745 0.00397554 0.00510387 0.379748 0.379748 -1.19532 0.295915 0.295914 0.00510387 0.00655268 0.295916 0.295916 -0.937376 0.230602 0.230602 0.00655268 0.00841322 0.230603 0.230603 -0.738081 0.179716 0.179716 0.00841322 0.0108028 0.179717 0.179717 -0.584934 0.140064 0.140064 0.0108028 0.0138722 0.140065 0.140065
0.0516866 0.0330787 0.0330728 -0.169525 0.0516866 0.0516862 0.0330791 0.0330733 -0.169525 0.0516862 0.0516864 0.0330792 0.0330737 -0.169526 0.0516864 0.0516866 0.0330788 0.0330737 -0.169527 0.0516866 0.0516865 0.033079 0.0330747 -0.169528 0.0516865 0.0516866 0.033079 0.0330756 -0.169528 0.0516866 0.0516864 0.0330788 0.0330766 -0.16953 0.0516864 0.0516862 0.0330792 0.0330782 -0.169532 0.0516862 0.0516866 0.0330792 0.0330797 -0.169532 0.0516866 0.0516866 0.0330787 0.0330806 -0.169534 0.0516866 0.0516862 0.0330791 0.0330826 -0.169536 0.0516862 0.0516866 0.0330792 0.033084 -0.169537 0.0516866 0.0516866 0.0330787 0.033085 -0.169539 0.0516866 0.0516862 0.0330791 0.0330869 -0.16954 0.0516862 0.0516866 0.0330792 0.0330883 -0.169541 0.0516866 0.0516866 0.0330787
