data/processor4/gnn/A_csr_10600.dat
nRows 23366
nCols 23366
[rows 0 to 13 of 14, columns 16401 to 16477 of 23366]
110723 110730 110737 110744 110751 110758 110765 110772 110779 110786 110793 110800 110807 110814 110821 110828 110835 110842 110849 110856 110863 110870 110877 110884 110891 110898 110905 110912 110919 110926 110933 110940 110947 110954 110960 110966 110973 110980 110987 110994 111001 111008 111015 111022 111029 111036 111043 111050 111057 111064 111071 111078 111085 111092 111099 111106 111113 111120 111127 111134 111141 111148 111155 111162 111169 111176 111183 111190 111197 111204 111211 111218 111225 111232 111239 111246 111252
2515 1745 2475 2514 2516 2555 3285 2516 1746 2476 2515 2517 2556 3286 2517 1747 2477 2516 2518 2557 3287 2518 1748 2478 2517 2519 2558 3288 2519 1749 2479 2518 2520 2559 3289 2520 1750 2480 2519 2521 2560 3290 2521 1751 2481 2520 2522 2561 3291 2522 1752 2482 2521 2523 2562 3292 2523 1753 2483 2522 2563 3293 2524 1754 2484 2525 2564 3294 2525 1755 2485 2524 2526 2565 3295 2526 1756
6683 5930 5165 5890 5929 5931 5970 6684 5931 5166 5891 5930 5932 5971 6685 5932 5167 5892 5931 5933 5972 6686 5933 5168 5893 5932 5934 5973 6687 5934 5169 5894 5933 5935 5974 6688 5935 5170 5895 5934 5936 5975 6689 5936 5171 5896 5935 5937 5976 6690 5937 5172 5897 5936 5938 5977 6691 5938 5173 5898 5937 5939 5978 6692 5939 5174 5899 5938 5940 5979 6693 5940 5175 5900 5939 5941 5980
8620 9320 9359 9361 9400 10072 9361 8621 9321 9360 9362 9401 10073 9362 8622 9322 9361 9363 9402 10074 9363 8623 9323 9362 9364 9403 10075 9364 8624 9324 9363 9365 9404 10076 9365 8625 9325 9364 9366 9405 10077 9366 8626 9326 9365 9367 9406 10078 9367 8627 9327 9366 9368 9407 10079 9368 8628 9328 9367 9369 9408 10080 9369 8629 9329 9368 9370 9409 10081 9370 8630 9330 9369 9371 9410 10082 9371
12268 12769 12808 12810 12849 13350 12810 12269 12770 12809 12811 12850 13351 12811 12270 12771 12810 12812 12851 13352 12812 12271 12772 12811 12813 12852 13353 12813 12272 12773 12812 12814 12853 13354 12814 12273 12774 12813 12815 12854 13355 12815 12274 12775 12814 12816 12855 13356 12816 12275 12776 12815 12817 12856 13357 12817 12276 12777 12816 12818 12857 13358 12818 12277 12778 12817 12819 12858 13359 12819 12278 12779 12818 12820 12859 13360 12820
15722 16219 16260 16262 16303 16765 16262 15723 16220 16261 16263 16304 16766 16263 15724 16221 16262 16305 16767 16264 15725 16222 16265 16306 16768 16265 15726 16223 16264 16266 16307 16769 16266 15727 16224 16265 16267 16308 16770 16267 15728 16225 16266 16268 16309 16771 16268 15729 16226 16267 16269 16310 16772 16269 15730 16227 16268 16270 16311 16773 16270 15731 16228 16269 16271 16312 16774 16271 15732 16229 16270 16272 16313 16775 16272 15733 16230
19756 19785 20208 19756 19344 19726 19755 19757 19786 20209 19757 19345 19727 19756 19758 19787 20210 19758 19346 19728 19757 19759 19788 20211 19759 19347 19729 19758 19760 19789 20212 19760 19348 19730 19759 19761 19790 20213 19761 19349 19731 19760 19762 19791 20214 19762 19350 19732 19761 19763 19792 20215 19763 19351 19733 19762 19793 20216 19764 19352 19734 19765 19794 20217 19765 19353 19735 19764 19766 19795 20218 19766 19354 19736 19765 19767 19796
22776 23242 23273 23275 23306 23275 22777 23243 23274 23276 23307 23276 22778 23244 23275 23277 23308 23277 22779 23245 23276 23278 23309 23278 22780 23246 23277 23279 23310 23279 22781 23247 23278 23280 23311 23280 22782 23248 23279 23281 23312 23281 22783 23249 23280 23282 23313 23282 22784 23250 23281 23283 23314 23283 22785 23251 23282 23284 23315 23284 22786 23252 23283 23285 23316 23285 22787 23253 23284 23286 23317 23286 22788 23254 23285 23287 23318
0.0418968 8.46221 0.0464309 -13.3551 0.0361782 6.59341 0.0418968 0.0537859 6.59361 0.0361782 -10.4546 0.0281901 5.1376 0.0537859 0.0690515 5.13776 0.0281901 -8.20868 0.0219671 4.00346 0.0690515 0.0886536 4.00358 0.0219671 -6.47655 0.0171188 3.11987 0.0886536 0.113827 3.11996 0.0171188 -5.14965 0.0133414 2.43145 0.113827 0.14616 2.43153 0.0133414 -4.14479 0.0103981 1.89504 0.14616 0.187695 1.8951 0.0103981 -3.39929 0.00810513 1.47715 0.187695 0.241053 1.47719 0.00810513 -2.86633 0.00631828 1.1515 0.241053 0.309611 1.15153 0.00631829 -2.51318 0.00492595 0.897746 0.309611 0.398195 0.897773 0.00492595 -2.36189 0.00384879 0.701437 0.398195 0.553107 0.701457 0.0038488 -2.16294 0.0024764 0.451321 0.553107
28.1579 -25.3002 3.02788 0.0136914 0.139478 0.179058 21.9401 -19.8748 2.35934 0.0106684 0.179058 0.229878 17.0958 -15.6937 1.8385 0.00831326 0.229878 0.295135 13.3218 -12.4949 1.43274 0.00647849 0.295135 0.378938 10.3816 -10.078 1.11659 0.00504896 0.378938 0.48658 8.09087 -8.29154 0.870259 0.00393511 0.48658 0.624853 6.30592 -7.02409 0.67835 0.00306734 0.624853 0.80249 4.91533 -6.19614 0.528806 0.00239114 0.80249 1.03073 3.83172 -5.75788 0.412279 0.00186422 1.03073 1.32566 2.98734 -5.82479 0.322132 0.00145661 1.32566 1.84142 2.33412 -5.88933 0.20727 0.000937227 1.84142 2.33787 1.50184 -6.36146 0.205519 0.000929309 2.33787 2.32798 1.48917 -6.35159 0.205523 0.000929326 2.32798
0.0371373 -0.24339 0.0371378 0.0311721 0.0580265 0.0580261 0.0218905 0.0371366 -0.243385 0.0371368 0.0311714 0.0580261 0.0580253 0.0218899 0.0371355 -0.243384 0.037137 0.0311716 0.0580253 0.0580245 0.02189 0.0371356 -0.243383 0.0371369 0.0311715 0.0580245 0.0580247 0.0218899 0.0371354 -0.243381 0.0371363 0.031171 0.0580247 0.0580249 0.0218896 0.0371347 -0.243384 0.0371371 0.0311716 0.0580249 0.0580249 0.02189 0.0371355 -0.243387 0.0371375 0.0311717 0.0580249 0.0580261 0.0218903 0.037136 -0.24339 0.0371378 0.0311718 0.0580261 0.0580275 0.0218904 0.0371363 -0.243396 0.0371387 0.0311724 0.0580275 0.0580288 0.021891 0.0371374 -0.243402 0.0371398 0.0311729 0.0580288 0.0580307 0.0218916 0.0371386 -0.243409 0.0371406 0.0311733 0.0580307 0.0580325 0.0218921
-3.21533 0.802756 0.80275 0.00187814 0.00241237 0.802773 0.802758 -2.50742 0.625475 0.625469 0.00241237 0.00309682 0.625489 0.625476 -1.95651 0.487358 0.487354 0.00309682 0.0039756 0.487368 0.48736 -1.52809 0.37975 0.379747 0.0039756 0.00510395 0.379759 0.379751 -1.19533 0.295918 0.295916 0.00510395 0.00655279 0.295923 0.295919 -0.937388 0.230605 0.230603 0.00655279 0.00841336 0.230609 0.230605 -0.738091 0.179718 0.179717 0.00841336 0.0108031 0.179721 0.179719 -0.584944 0.140067 0.140065 0.0108031 0.0138726 0.140068 0.140067 -0.468391 0.109176 0.109174 0.0138726 0.0178157 0.109177 0.109176 -0.381111 0.0851038 0.0851023 0.0178157 0.0228815 0.0851041 0.0851039 -0.31769 0.0663463 0.0663446 0.0228815 0.0294249 0.0663464 0.0663464
-1.57689 0.306283 0.00451139 0.478572 0.478572 0.00266359 0.306285 -1.57689 0.306288 0.00451147 0.478572 0.47857 0.00266363 0.30629 -1.5769 0.306289 0.00451149 0.47857 0.478574 0.00266363 0.30629 -1.57559 0.306284 0.00451143 0.478574 0.477271 0.0026636 0.306286 -0.78903 0.0044868 0.477271 0.00264916 0.304623 -16.2985 16.1373 0.0828518 0.0294563 0.0489147 -12.7604 12.5903 0.0646411 0.0294563 0.0378352 0.0381634 -9.97637 9.80987 0.0503657 0.0378352 0.04857 0.0297353 -7.81701 7.64367 0.039244 0.04857 0.0623527 0.0231692 -6.147 5.95596 0.030579 0.0623527 0.0800497 0.0180535 -4.86189 4.64117 0.0238285 0.0800497 0.102774 0.0140681 -3.88109 3.61682 0.0185694 0.102774 0.131956 0.0109632 -3.14316 2.81875 0.0144719
2.25632 0.103372 0.00792353 -4.80693 0.00792349 0.175042 2.25632 2.25634 0.103372 0.00792353 -4.80694 0.00792337 0.175039 2.25634 2.25634 0.103371 0.00792341 -4.80693 0.00792349 0.175042 2.25634 2.25632 0.103372 0.00792353 -4.80693 0.0079235 0.175042 2.25632 2.25634 0.103373 0.00792354 -4.80694 0.00792338 0.175039 2.25634 2.25634 0.103371 0.00792342 -4.80693 0.0079235 0.175042 2.25634 2.25633 0.103372 0.00792353 -4.80693 0.00792351 0.175042 2.25633 2.25634 0.103373 0.00792354 -4.80694 0.0079234 0.175039 2.25634 2.25634 0.103371 0.00792342 -4.80693 0.00792352 0.175042 2.25634 2.25633 0.103373 0.00792354 -4.80693 0.00792353 0.175042 2.25633 2.25634 0.103373 0.00792354 -4.80084 0.00792341 0.175039 2.25634
