data/processor4/gnn/A_csr_10600.dat
nRows 23366
nCols 23366
[rows 0 to 13 of 14, columns 21714 to 21790 of 23366]
146391 146398 146405 146412 146419 146426 146433 146440 146447 146453 146459 146466 146473 146480 146487 146494 146501 146508 146515 146522 146529 146536 146543 146550 146557 146564 146571 146578 146585 146592 146599 146606 146613 146620 146627 146634 146641 146648 146655 146661 146667 146674 146681 146688 146695 146702 146709 146716 146723 146730 146737 146744 146751 146758 146765 146772 146779 146786 146793 146800 146807 146814 146821 146828 146835 146842 146849 146856 146863 146869 146874 146880 146887 146894 146901 146908 146915
3292 2522 3252 3291 3293 3332 4062 3293 2523 3253 3292 3333 4063 3294 2524 3254 3295 3334 4064 3295 2525 3255 3294 3296 3335 4065 3296 2526 3256 3295 3297 3336 4066 3297 2527 3257 3296 3298 3337 4067 3298 2528 3258 3297 3299 3338 4068 3299 2529 3259 3298 3300 3339 4069 3300 2530 3260 3299 3301 3340 4070 3301 2531 3261 3300 3302 3341 4071 3302 2532 3262 3301 3303 3342 4072 3303 2533
7460 6707 5953 6667 6706 6708 6747 7461 6708 5954 6668 6707 6748 7462 6709 5955 6669 6710 6749 7463 6710 5956 6670 6709 6711 6750 7464 6711 5957 6671 6710 6712 6751 7465 6712 5958 6672 6711 6713 6752 7466 6713 5959 6673 6712 6714 6753 7467 6714 5960 6674 6713 6715 6754 7468 6715 5961 6675 6714 6716 6755 7469 6716 5962 6676 6715 6717 6756 7470 6717 5963 6677 6716 6718 6757 7471 6718
10142 10181 10824 10142 9430 10102 10141 10143 10182 10825 10143 9431 10103 10142 10144 10183 10826 10144 9432 10104 10143 10145 10184 10827 10145 9433 10105 10144 10146 10185 10828 10146 9434 10106 10145 10147 10186 10829 10147 9435 10107 10146 10148 10187 10830 10148 9436 10108 10147 10149 10188 10831 10149 9437 10109 10148 10150 10189 10832 10150 9438 10110 10149 10151 10190 10833 10151 9439 10111 10150 10152 10191 10834 10152 9440 10112 10151
13587 13046 13547 13586 13588 14148 13588 13047 13548 13587 13589 14149 13589 13048 13549 13588 13590 14150 13590 13049 13550 13589 13591 14151 13591 13050 13551 13590 13592 14152 13592 13051 13552 13591 13593 14153 13593 13052 13553 13592 13594 14154 13594 13053 13554 13593 13595 14155 13595 13054 13555 13594 13596 14156 13596 13055 13556 13595 13597 14157 13597 13056 13557 13596 13598 14158 13598 13057 13558 13597 13599 14159 13599 13058 13559 13598 13600
17060 17062 17104 17502 17062 16554 17019 17061 17063 17105 17503 17063 16555 17020 17062 17064 17106 17504 17064 16556 17021 17063 17065 17107 17505 17065 16557 17022 17064 17066 17108 17506 17066 17023 17065 17109 17507 17067 16558 17024 17068 17110 17068 16559 17025 17067 17069 17111 17069 16560 17026 17068 17070 17112 17070 16561 17027 17069 17071 17113 17071 16562 17028 17070 17072 17114 17072 16563 17029 17071 17073 17115 17073 16564 17030 17072 17074
20551 20098 20521 20550 20552 20581 21046 20552 20099 20522 20551 20553 20582 21047 20553 20100 20523 20552 20554 20583 21048 20554 20101 20524 20553 20555 20584 21049 20555 20102 20525 20554 20556 20585 21050 20556 20103 20526 20555 20557 20586 21051 20557 20104 20527 20556 20558 20587 21052 20558 20105 20528 20557 20559 20588 21053 20559 20106 20529 20558 20560 20589 21054 20560 20107 20530 20559 20561 20590 21055 20561 20108 20531 20560 20562 20591 21056
-13.3549 0.0361781 6.59341 0.0418966 0.0537857 6.59342 0.036178 -10.4544 0.02819 5.1376 0.0537857 0.0690513 5.13761 0.02819 -8.20857 0.021967 4.00346 0.0690513 0.0886532 4.00347 0.021967 -6.47646 0.0171188 3.11987 0.0886532 0.113826 3.11988 0.0171187 -5.14958 0.0133414 2.43146 0.113826 0.14616 2.43146 0.0133414 -4.14474 0.0103981 1.89504 0.14616 0.187694 1.89505 0.0103981 -3.39925 0.0081051 1.47714 0.187694 0.241052 1.47715 0.00810511 -2.86629 0.00631826 1.15149 0.241052 0.309609 1.1515 0.00631828 -2.51314 0.00492592 0.897743 0.309609 0.398191 0.897751 0.00492595 -2.36186 0.00384875 0.70143 0.398191 0.5531 0.701441 0.00384879 -2.16291 0.00247638 0.451317 0.5531 0.702219 0.451324 0.00247641
0.00631829 1.1515 0.241053 0.30961 1.15153 0.00631827 -2.51317 0.00492595 0.897746 0.30961 0.398194 0.897772 0.00492594 -2.36189 0.0038488 0.701436 0.398194 0.553106 0.701456 0.00384879 -2.16294 0.00247641 0.451321 0.553106 0.702224 0.451334 0.00247641 -2.30143 0.00245551 0.447512 0.702224 0.699254 0.447526 0.00245551 -2.29846 0.00245555 0.447519 0.699254 0.699249 0.447533 0.00245555 -2.29847 0.00245555 0.447519 0.699249 0.699254 0.447533 0.00245555 -2.29846 0.00245551 0.447512 0.699254 0.699254 0.447526 0.00245551 -2.29846 0.00245555 0.447519 0.699254 0.699249 0.447533 0.00245555 -2.29847 0.00245555 0.447519 0.699249 0.699254 0.447533 0.00245555 -2.29846 0.00245551 0.447512 0.699254 0.699254 0.447526 0.00245551 -2.29846
-7.63006 1.48917 0.000928443 2.32574 2.32576 1.48847 -7.63003 1.48914 0.000928428 2.32576 2.32575 1.48845 -7.63006 1.48916 0.000928442 2.32575 2.32574 1.48847 -7.63006 1.48917 0.000928443 2.32574 2.32576 1.48847 -7.63003 1.48914 0.000928429 2.32576 2.32575 1.48845 -7.63006 1.48916 0.000928442 2.32575 2.32574 1.48847 -7.63006 1.48916 0.000928443 2.32574 2.32576 1.48847 -7.63003 1.48914 0.000928429 2.32576 2.32575 1.48845 -5.30432 1.48916 0.000928442 2.32575 1.48847 -0.19634 0.0518266 0.0408652 0.0518249 0.0518233 -0.192795 0.0333465 0.0408652 0.0518937 0.0333454 0.0333442 -0.202815 0.0330784 0.0518937 0.0516855 0.0330783 0.0330786 -0.202607 0.0330789 0.0516855 0.0516851 0.0330788 0.0330791 -0.202607
0.00764038 0.10673 -0.567575 0.106731 0.0129368 0.166767 0.166769 0.00764034 0.10673 -0.567585 0.106734 0.0129373 0.166769 0.16677 0.00764053 0.106733 -0.567593 0.106736 0.0129376 0.16677 0.166774 0.00764061 0.106735 -0.567598 0.106736 0.0129377 0.166774 0.166776 0.00764057 0.106735 -0.400831 0.106738 0.0129382 0.166776 0.00764076 0.106738 -11.6372 5.62446 0.237666 0.0102666 0.14033 5.62443 -9.09476 4.38821 0.185428 0.0102666 0.0131869 0.109485 4.38818 -7.0981 3.41911 0.144477 0.0131869 0.0169283 0.0853064 3.41909 -5.54589 2.6641 0.112574 0.0169283 0.0217321 0.0664691 2.66409 -4.34087 2.07587 0.0877176 0.0217321 0.0279 0.0517927 2.07586 -3.40763 1.61761 0.0683529 0.0279 0.0358198 0.0403591 1.61759
0.00770429 0.223461 0.283711 0.00454954 0.182341 -0.939993 0.180808 0.00763977 0.283711 0.282515 0.00451124 0.180808 -0.938799 0.18081 0.00763982 0.282515 0.282513 0.0045113 0.18081 -0.938797 0.18081 0.00763977 0.282513 0.282514 0.00451129 0.180809 -0.938791 0.180807 0.0076396 0.282514 0.282513 0.00451122 0.180806 -0.938792 0.180809 0.00763967 0.282513 0.282511 0.00451128 0.180808 -0.938791 0.180809 0.00763963 0.282511 0.282512 0.00451127 0.180808 -0.938786 0.180806 0.00763948 0.282512 0.282512 0.0045112 0.180805 -0.938788 0.180808 0.00763957 0.282512 0.28251 0.00451126 0.180808 -0.938788 0.180808 0.00763956 0.28251 0.282512 0.00451126 0.180808 -0.938784 0.180805 0.00763943 0.282512 0.282512 0.00451119 0.180805 -0.938788 0.180808
0.000928442 0.878771 -4.50621 0.878771 0.0015726 1.37308 1.37309 0.000928442 0.878771 -4.5062 0.878762 0.00157258 1.37309 1.37309 0.000928433 0.878762 -4.50621 0.878767 0.00157259 1.37309 1.37309 0.000928438 0.878767 -4.50621 0.878767 0.00157259 1.37309 1.37309 0.000928438 0.878767 -4.5062 0.878762 0.00157258 1.37309 1.37309 0.000928432 0.878762 -4.50621 0.878771 0.0015726 1.37309 1.37308 0.000928442 0.878771 -4.50621 0.878771 0.0015726 1.37308 1.37309 0.000928443 0.878771 -4.5062 0.878758 0.00157257 1.37309 1.37309 0.000928428 0.878758 -4.50621 0.878771 0.0015726 1.37309 1.37308 0.000928442 0.878771 -4.50621 0.878772 0.0015726 1.37308 1.37309 0.000928443 0.878772 -4.5062 0.878758 0.00157258 1.37309 1.37309
0.499117 0.60576 0.00332382 -1.79427 0.00353388 0.644044 0.499117 0.644044 0.00353389 -1.15167 0.00245552 0.69924 0.447522 0.00245552 -1.85092 0.00245552 0.69924 0.699245 0.447522 0.00245552 -1.85092 0.00245548 0.699245 0.699245 0.447515 0.00245548 -1.85092 0.00245552 0.699245 0.69924 0.447522 0.00245552 -1.85092 0.00245552 0.69924 0.699245 0.447522 0.00245552 -1.85092 0.00245548 0.699245 0.699245 0.447515 0.00245548 -2.29844 0.00245552 0.447519 0.699245 0.69924 0.447522 0.00245552 -2.29844 0.00245552 0.447519 0.69924 0.699245 0.447522 0.00245552 -2.29843 0.00245548 0.447512 0.699245 0.699245 0.447515 0.00245548 -2.29844 0.00245552 0.447519 0.699245 0.69924 0.447522 0.00245552 -2.29844 0.00245552 0.447519 0.69924 0.699244
