data/processor7/gnn/A_csr_10200_rank7.dat
nRows 23149
nCols 23149
[rows 0 to 13 of 14, columns 13351 to 13429 of 23149]
95263 95269 95275 95279 95285 95292 95299 95306 95313 95320 95326 95333 95340 95345 95351 95358 95364 95371 95378 95382 95386 95390 95394 95401 95407 95413 95417 95423 95430 95437 95444 95451 95458 95464 95471 95478 95483 95489 95496 95502 95509 95516 95522 95528 95534 95540 95547 95554 95561 95568 95575 95582 95589 95595 95600 95605 95611 95617 95621 95628 95633 95640 95647 95653 95658 95665 95671 95678 95684 95689 95694 95700 95707 95714 95721 95728 95735 95742 95749
1753 1477 1737 1752 1771 2061 1754 1478 1738 1755 1772 2062 1755 1739 1754 1756 1773 2063 22984 22985 22986 22987 23024 23026 23028 1756 1755 9306 19097 23023 23024 23026 1757 7074 7280 9568 9570 21444 21445 21448 22653 22656 22657 22659 23023 1758 9567 9575 9576 1759 7082 7297 7317 19117 19118 19119 1760 9318 9582 19111 23030 23031 23033 1761 1743 1762 1781 2073 22991 22992 22993 22994 23030 23032 23034 23036 1762 1484 1744
4913 5053 5066 5068 5081 5221 5068 4914 5054 5067 5082 5222 5069 4915 5055 5070 5083 5223 5070 4916 5056 5069 5071 5084 5224 5071 4917 5057 5070 5072 5085 5225 5072 4918 5058 5071 5073 5086 5226 5073 4919 5059 5072 5074 5087 5227 5074 4920 5060 5073 5075 5088 5228 5075 4921 5061 5074 5076 5089 5229 5076 4922 5062 5075 5077 5090 5230 5077 4923 5063 5076 5078 5091 5231 5078 4924 5064 5077 5079
11115 11116 11118 17602 17604 17606 17607 17939 8030 5810 5935 8026 8031 10713 10714 10716 11122 11123 11125 17603 17605 17606 17607 17960 8031 5936 8027 8029 8030 17941 17961 8032 239 240 5801 8034 17456 17457 17460 17608 17611 17612 17614 17829 17952 17953 17956 8033 239 257 8034 8037 17830 17945 8034 5812 8032 8033 8038 17831 17964 8035 239 407 5802 8037 10670 10672 10674 17399 17400 17402 17609 17611 17613 17614 17947 8036 5814
11347 8205 11349 11350 11351 11357 11348 11349 11350 11359 11349 8211 11325 11347 11348 11361 11350 8317 11347 11348 11356 11363 11351 11340 11347 11354 11355 11356 20185 11352 5993 11343 11354 11355 11365 11353 5993 11355 11356 11367 11821 20187 11354 11345 11351 11352 11355 11346 11351 11352 11353 11369 20189 11356 11350 11351 11353 11822 20191 11357 5991 11347 11361 11362 11363 20185 11358 5991 5994 8250 11334 11361 11362 11359 5994 11335 11348 11361 11363
15129 17539 21492 15126 7093 15123 15128 15130 17540 21821 15127 7093 15124 15129 15130 21493 21822 15128 15125 15126 17542 15129 15125 15127 21495 15130 15126 15127 21824 15131 15134 15139 15150 15132 15134 15140 17406 15133 15134 15151 17407 15134 15131 15132 15133 15144 15155 17410 15135 15138 15139 17538 15136 15138 15141 17412 15137 15122 15138 17414 17539 15138 15135 15136 15137 15145 17416 17543 15139 7097 15131 15135 15143 15144 15145 15140 7094 9334 14313
18683 18684 18685 18688 6760 8943 13981 18683 18684 18686 18689 6760 8959 13988 18683 18685 18686 18690 1189 1199 1200 18505 18692 18694 18691 1198 1199 1209 18506 18692 18695 18692 6773 18507 18690 18691 18696 18711 18693 1189 1198 1199 1429 18694 18695 18694 1189 1429 6775 18690 18693 18696 18695 1198 1429 18691 18693 18696 18714 18696 1429 6777 18692 18694 18695 18715 18697 6786 6789 14080 18701 18702 18703 18698 1202 6786 8974 13377 18701
16379 21981 21982 21984 21987 7417 9919 16207 21981 21983 21984 21988 9706 16214 21992 21993 21994 21995 21989 7385 7418 7421 9708 21992 21993 21990 2314 7385 7421 21992 21994 21997 21991 2314 7418 7421 16216 21993 21994 21992 7385 9709 21988 21989 21990 21999 21993 7418 9710 16218 21988 21989 21991 21994 2314 16220 21988 21990 21991 22001 21995 16208 16221 21988 21999 22000 22001 21996 7386 7422 16209 16231 21999 22000 21997 7386 7422 9925 21990
0.0330812 -0.235687 0.033081 0.0330803 0.0516804 0.0516844 0.0330817 0.0330791 -0.184002 0.0330793 0.0330792 0.0516844 0.0330797 0.033079 -0.150986 0.0331056 0.0331066 0.0516431 0.0331312 -0.236084 0.0332123 0.0331407 0.0516431 0.0518117 0.033194 0.033082 -0.264768 0.0333618 0.0518117 0.0172823 0.0335629 0.033155 0.0110222 0.0108382 0.0110309 0.0108717 0.0173273 0.0172477 0.0172567 -0.103617 0.0111587 0.0172823 0.0163566 0.0255888 0.0167666 0.0164636 -0.116503 0.016281 0.0255327 0.0166232 0.0160412 0.0167231 0.0253016 -0.133565 0.00497246 0.0158821 0.0166258 0.0261992 0.00473814 0.00477568 0.00468092 0.00860221 0.00874929 0.00834756 0.00861959 0.00523611 0.0055002 0.00511623 0.00551904 -0.0586869 0.00976329 0.010888 0.00749986 0.0141724 0.00938166 0.00698162 -0.0289091 0.00772328 0.00819
0.00245553 0.44752 0.699248 0.447519 0.00245553 -1.59919 0.00245551 0.447514 0.699251 0.447515 0.00245551 -2.29845 0.00245553 0.447517 0.699251 0.699249 0.447518 0.00245553 -2.29845 0.00245553 0.447517 0.699249 0.699251 0.447518 0.00245553 -2.29844 0.00245551 0.447514 0.699251 0.69925 0.447515 0.00245551 -2.29845 0.00245554 0.447519 0.69925 0.699246 0.44752 0.00245554 -2.29845 0.00245554 0.447519 0.699246 0.699251 0.44752 0.00245554 -2.29844 0.0024555 0.447512 0.699251 0.699251 0.447513 0.0024555 -2.29845 0.00245554 0.447519 0.699251 0.699246 0.44752 0.00245554 -2.29845 0.00245554 0.447519 0.699246 0.699251 0.44752 0.00245554 -2.29844 0.0024555 0.447512 0.699251 0.699251 0.447513 0.0024555 -2.29845 0.00245554 0.447519 0.699251 0.699246
0.0107798 0.0256273 0.0255034 0.0163787 0.0163182 -0.11022 0.0107969 0.0159952 0.0255034 0.0163338 0.0254735 0.0161167 -0.120559 0.016583 0.0166088 0.00492699 0.025958 0.0256384 0.01584 0.00498891 0.00498834 0.0050268 -0.120172 0.0050133 0.0164633 0.0256384 0.0159531 0.0164574 0.0255538 0.00503603 0.00502123 0.00503547 -0.110638 0.0107574 0.0256601 0.0163787 0.01584 0.0255409 0.016461 -0.110471 0.010776 0.0163338 0.0159531 0.0255409 0.0163991 0.0254677 -0.122635 0.0252163 0.00791391 0.0164597 0.0164161 0.0163898 0.0164746 0.00790949 0.00792046 0.00793486 -0.108315 0.0170414 0.0165207 0.0165278 0.0252675 0.0164888 0.0164691 -0.12267 0.00796658 0.0164597 0.0252675 0.0163382 0.0164069 0.0163118 0.00795699 0.00799279 0.00796985 -0.108358 0.0169935 0.0165021 0.0166089 0.0250812 0.0166045
0.00946628 0.00561118 -0.0529832 0.00719025 0.0103904 0.00702276 0.00792046 0.0146172 0.0058421 -0.0573374 0.00887066 0.00982719 0.00814958 0.0123163 0.0110223 0.00715141 -0.0288481 0.00803335 0.00461966 0.00307318 0.013122 -0.0291955 0.0127434 0.00472142 0.00322108 0.00850953 -0.0315135 0.00561118 0.00814958 0.00461966 0.0131331 -0.0317305 0.0058421 0.0123163 0.00472142 0.00885069 -0.0599021 0.0106084 0.00869075 0.0133692 0.00935698 0.0109015 0.00697523 -0.0317546 0.00441857 0.00550992 0.00834999 0.0134762 -0.0299426 0.00331342 0.00489476 0.0138567 0.00787779 -0.0427745 0.00683433 0.00632938 0.00869075 0.00550992 0.0154101 -0.0323765 0.005872 0.0133692 0.00489476 0.00824048 -0.0575317 0.00794372 0.00935698 0.00834999 0.0138567 0.0110442 0.0069802 -0.0571514 0.00762856 0.00498862 0.00736491 0.010673 0.0156679 0.0108284 -0.0535738
0.0162132 0.00798748 0.0137015 0.0068852 0.00694704 -0.0193637 0.00644548 0.00595509 0.0069631 -0.0451219 0.00685387 0.00840774 0.0105463 0.00903338 0.0102806 -0.031643 0.00633511 0.00885125 0.00826311 0.00819354 -0.0566326 0.0103309 0.0137015 0.0069631 0.0105463 0.00826311 0.00682761 -0.019081 0.00716598 0.00531696 0.00659809 -0.0548559 0.006782 0.00649559 0.0124486 0.00966623 0.00840627 0.0110572 -0.0598196 0.00477348 0.0107715 0.0100025 0.0106572 0.0163043 0.0073106 -0.055703 0.00485167 0.00698103 0.0146688 0.00882215 0.0122224 0.00815692 -0.044168 0.00716598 0.00966623 0.0100025 0.00850537 0.00882792 -0.0298125 0.00726713 0.00531696 0.00840627 0.00882215 -0.0533216 0.00458549 0.00659809 0.0106572 0.0122224 0.0106159 0.00864255 -0.03269 0.00961624 0.00757012 0.00705212 0.00845152 -0.0635782 0.0154525 0.0163043 0.00865217
-0.0511863 0.00515127 0.00699002 0.00724603 0.0124675 0.00725342 0.0120781 -0.0491537 0.0049527 0.00516441 0.00758139 0.00725342 0.0121661 0.0120357 -0.0469045 0.0085076 0.00517426 0.00539544 0.00801271 0.0076484 0.0121661 -0.0613867 0.0140842 0.00870774 0.00837487 0.00678274 0.00715468 0.0162825 -0.0503476 0.00664289 0.00489324 0.00726042 0.0118394 0.0118619 0.00784971 -0.0608452 0.01054 0.00495841 0.0105085 0.016556 0.011321 0.00696136 -0.0512504 0.00494127 0.00778489 0.00678274 0.0118619 0.00770064 0.0121789 -0.0502354 0.00523057 0.00702083 0.00715468 0.011321 0.0073573 0.012151 -0.0496694 0.00497224 0.00523062 0.0125742 0.00784971 0.00696136 0.0120812 -0.0496891 0.00502494 0.00527687 0.00770064 0.0073573 0.0120812 0.0122481 -0.107486 0.0255142 0.0170413 0.016491 0.016113 0.016023 0.0163036 -0.110771 0.0160661
