data/processor7/gnn/A_csr_11000_rank7.dat
nRows 23149
nCols 23149
[rows 0 to 13 of 14, columns 15879 to 15957 of 23149]
110408 110412 110419 110426 110433 110440 110447 110452 110456 110463 110469 110476 110480 110484 110491 110498 110502 110509 110516 110523 110529 110536 110540 110544 110551 110555 110561 110565 110569 110576 110583 110590 110596 110602 110609 110613 110618 110625 110630 110636 110640 110644 110648 110652 110656 110660 110664 110671 110675 110681 110685 110690 110697 110702 110708 110712 110719 110726 110733 110739 110745 110752 110759 110765 110772 110776 110782 110789 110796 110802 110809 110813 110817 110824 110831 110835 110842 110849 110856
2075 1763 2053 2074 2076 2102 2440 2076 1764 2054 2075 2077 2103 2441 2077 1765 2055 2076 2078 2104 2442 2078 1766 2056 2077 2079 2105 2443 2079 1767 2057 2078 2080 2106 2444 2080 1768 2058 2079 2081 2107 2445 2081 1769 2059 2080 2082 2108 2446 2082 1770 2060 2081 2083 2109 2447 2083 1771 2061 2082 2110 2448 2084 1772 2062 2085 2111 2085 1773 2063 2084 2086 2112 2449 2086 1774 2064 2085 2087
5430 5443 5445 5458 5596 5445 5291 5431 5444 5446 5459 5597 5446 5292 5432 5445 5460 5598 5447 5293 5433 5448 5461 5599 5448 5294 5434 5447 5449 5462 5600 5449 5295 5435 5448 5450 5463 5601 5450 5296 5436 5449 5451 5464 5602 5451 5297 5437 5450 5452 5465 5603 5452 5298 5438 5451 5453 5466 5604 5453 5299 5439 5452 5454 5467 5605 5454 5300 5440 5453 5455 5468 5606 5455 5301 5441 5454 5456 5469
673 674 682 8259 8363 8366 8363 6188 8260 8361 8362 8367 8381 11998 12000 12002 8364 673 674 840 8358 8365 8366 8365 6189 8359 8361 8364 8367 8587 12005 12007 12009 8366 673 8362 8364 8367 8384 8588 8367 6190 8363 8365 8366 8385 8589 12012 12013 12015 8368 8372 8373 8374 11997 12004 8369 675 8372 8373 11403 11958 11994 8370 675 8361 8372 8374 11404 11998 8371 675 8361 8373 8374 11959 12005 8372 8368
11754 11755 11756 22537 11759 11753 11754 11756 12384 11760 11764 11765 11766 11761 6112 11244 11740 11764 11765 11762 601 6112 11245 11764 11766 11768 11763 601 6112 11742 11765 11766 11772 11764 11248 11760 11761 11762 11770 11765 11744 11760 11761 11763 11766 601 11760 11762 11763 11771 11774 11767 6113 11251 11770 11768 6113 11252 11762 11770 11771 20347 11769 6113 11771 11775 11779 20349 11770 11255 11764 11767 11768 11771 11766 11768 11769 11777 20351
19282 15556 15560 15561 15562 15557 7220 15550 15560 15561 21653 21674 15558 7220 7444 15552 15560 15562 21655 15559 7220 7444 15561 15562 15564 21676 15560 15554 15556 15557 15558 21657 15561 15556 15557 15559 15566 21678 15562 7444 15555 15556 15558 15559 15567 15563 15555 15567 16339 15564 7221 15559 15566 15567 15578 22024 15565 7221 15567 22025 15566 15561 15564 15580 15567 15562 15563 15564 15565 22027 15568 9485 15569 15570 15576 15569 15568 15575 15581
7169 18999 19045 19046 21564 19044 14647 15353 19040 19041 19042 21586 19045 7169 18999 19040 19041 19043 21587 19046 7169 15354 19040 19042 19043 21567 19047 7175 15362 19051 19052 19053 21603 19048 1658 14656 19006 19051 19052 21604 19049 1658 14657 15363 19051 19053 21584 19050 1658 7175 19006 19052 19053 21585 19051 14659 15365 19047 19048 19049 21607 19052 7175 19006 19047 19048 19050 21608 19053 7175 15366 19047 19049 19050 21588 19054 1641 1661 1662
22349 22351 22723 22348 7771 7775 17303 22350 22351 22725 22349 7770 16711 22342 22345 22346 22347 22350 7775 17305 22344 22345 22346 22348 22351 7770 7775 22345 22347 22348 22727 22352 7806 7809 19516 22356 22357 22358 22353 7805 16738 17371 19518 22356 22357 22354 7805 7806 16739 19544 22356 22358 22355 7805 7809 17373 19546 22357 22358 22356 7806 16741 19520 22352 22353 22354 22357 7809 17375 19522 22352 22353 22355 22358 7806 7809 19548 22352 22354
-0.184001 0.033079 0.0330787 0.0516848 0.0330794 0.0330787 -0.184085 0.033082 0.033107 0.0516885 0.033132 0.0330759 -0.235822 0.0331556 0.0331257 0.0516885 0.0516237 0.0331668 0.0330615 -0.246516 0.0331439 0.0516237 0.0519329 0.0333329 0.0329554 0.0109774 0.0107869 0.0109762 0.0107869 -0.275556 0.0333764 0.0519329 0.0174991 0.0112009 0.0330635 0.0108139 0.0107598 0.0107755 0.0107269 0.0175389 0.0173843 0.0173776 0.0110535 0.01112 0.0109328 -0.104051 0.0111968 0.0174991 0.0161291 0.0259493 0.0168503 0.0164264 -0.115956 0.0157676 0.0256445 0.0163829 0.0159728 0.0255319 0.016656 -0.120582 0.00513032 0.0258268 0.0259198 0.0165403 0.0157865 0.0164574 0.00492299 0.00509193 0.00490641 -0.120079 0.00494758 0.025802 0.0259719 0.0163902 0.0157666 0.00494622 0.00492905 0.00487947 0.0164463
0.00868133 -0.0558503 0.00985184 0.00793657 0.00509853 0.00699934 0.0101358 0.0158282 -0.05547 0.014008 0.00934779 0.00473738 0.0107475 0.00720568 0.0094236 -0.124948 0.0162761 0.0256865 0.0159387 0.0256053 0.00521344 0.00535629 0.00510539 0.00529933 0.00490087 0.00526649 0.00522516 0.00507406 -0.142872 0.0256865 0.00879165 0.0158624 0.0162869 0.0052048 0.0053507 0.00532627 0.00773059 0.00495068 0.00503778 0.00741091 0.00516585 0.00878238 0.00881315 0.012471 -0.0212449 0.00820821 0.00692452 0.0061122 -0.0467857 0.00737995 0.0080797 0.00520562 0.00785498 0.00742398 0.0108414 -0.0513287 0.00894087 0.00688001 0.00678729 0.00986282 0.00658894 0.0122688 -0.0201465 0.00695745 0.00633581 0.0068532 -0.0468452 0.00529601 0.00879165 0.00517295 0.0077836 0.0121353 0.0076657 -0.0473007 0.0115684 0.00497734 0.005097 0.00677167 0.0118529
0.00769457 -0.108211 0.0168138 0.0167451 0.0166917 0.0245486 0.0167531 0.0166584 -0.122468 0.00763195 0.0169539 0.0168436 0.0245486 0.0169778 0.0167491 0.00753635 0.0076472 0.00757895 -0.042234 0.00695189 0.00889785 0.0109491 0.00701627 0.00841894 -0.0435458 0.0107504 0.00760406 0.00809096 0.00751962 0.00958077 -0.0503571 0.00787161 0.00751937 0.0112823 0.00793078 0.00788998 0.00786304 -0.0500159 0.00796375 0.0076203 0.0106616 0.00791859 0.00790566 0.00794604 -0.0391875 0.00695189 0.00760406 0.0112823 0.00667272 0.00667657 -0.0452808 0.00889785 0.00809096 0.0106616 0.00901529 0.00861517 -0.0502341 0.00756044 0.0109491 0.00793078 0.00791859 0.00794108 0.00793417 -0.015221 0.00314845 0.0102047 0.00186792 -0.107494 0.0243985 0.0166928 0.016642 0.0165078 0.0166645 0.0165884 -0.121908 0.0170767 0.016808 0.00751162 0.0168553
0.00689989 0.00720692 -0.0394509 0.00694158 0.00814757 0.0112707 0.00648332 0.00660779 -0.0498224 0.00755004 0.00750994 0.00773699 0.00777313 0.0116143 0.00763807 -0.0501999 0.00775768 0.00749964 0.00794234 0.0077556 0.0113645 0.00788014 -0.0365435 0.0117865 0.00611614 0.00647654 0.00603703 0.0061273 -0.0504392 0.00749709 0.00791496 0.00822772 0.0112707 0.00777313 0.0077556 -0.0367511 0.00648459 0.00648332 0.0116143 0.00611614 0.00605281 -0.03808 0.00689989 0.00660779 0.0113645 0.00647654 0.00673133 -0.0443028 0.008233 0.00837509 0.0107853 0.00849051 0.00841889 -0.0495323 0.00772434 0.00776721 0.00786441 0.00776724 0.0106395 0.00776968 -0.0607498 0.0111961 0.00675633 0.00684308 0.0093686 0.00932333 0.0172624 -0.0497547 0.00772432 0.00776863 0.00778992 0.00783694 0.0106883 0.00794666 -0.0558412 0.00845058 0.00974489 0.00837509 0.0106395
0.00773237 0.00720469 0.0111378 -0.0489227 0.0118561 0.00494841 0.00696543 0.00691636 0.0106743 0.00756215 -0.0545829 0.00770278 0.00820671 0.0087116 0.0121699 0.0105872 0.00720469 -0.0553762 0.00599398 0.00674561 0.0158584 0.00696543 0.011018 0.00879481 -0.058937 0.00475779 0.0103336 0.0102286 0.0111378 0.00691636 0.015563 -0.0204375 0.00950977 0.00411902 0.00680873 -0.04306 0.00665675 0.00545396 0.0136005 0.00753 0.0098188 -0.0604755 0.0135952 0.0106743 0.00903108 0.00926055 0.0109548 0.00695976 -0.0296282 0.011018 0.00411902 0.00903108 0.00546015 -0.059455 0.00748238 0.015563 0.00680873 0.0136005 0.00926055 0.00673988 -0.0174012 0.00309745 0.00753 0.00677371 -0.017651 0.00317584 0.00759819 0.00687692 -0.0206156 0.0104368 0.00383988 0.00633893 -0.0461638 0.00587158 0.0103926 0.00977411 0.0125961 0.00752935 -0.0311448
0.0160135 0.0252824 0.0161297 -0.110711 0.0108213 0.0256742 0.0164516 0.0160569 0.0163362 0.0253708 -0.101591 0.0169278 0.0107848 0.0163392 0.0160387 0.0161297 0.0253708 -0.04794 0.00833358 0.00496435 0.00781929 0.00686059 0.00762426 0.0123379 -0.0472526 0.0122622 0.00847025 0.00513691 0.00692332 0.00714408 0.00731581 -0.0604403 0.00673227 0.00817781 0.0140829 0.00791039 0.016806 0.00673093 -0.0488622 0.00729109 0.00497541 0.00516389 0.0118391 0.0121488 0.0074439 -0.0594931 0.00808912 0.0101703 0.010423 0.00686059 0.00714408 0.016806 -0.0457723 0.00840773 0.00503495 0.00524075 0.00762426 0.00731581 0.0121488 -0.0506609 0.00489807 0.0118 0.00745002 0.0123379 0.00673093 0.0074439 -0.116825 0.025634 0.0258026 0.0161334 0.0166774 0.0159823 0.0165954 -0.109398 0.0173073 0.0169151 0.0168846 0.0163844 0.025519
