data/processor7/gnn/A_csr_10200_rank7.dat
nRows 23149
nCols 23149
[rows 0 to 13 of 14, columns 17696 to 17774 of 23149]
122018 122025 122032 122039 122046 122053 122060 122065 122072 122079 122086 122093 122100 122107 122113 122120 122127 122134 122141 122148 122155 122161 122168 122175 122182 122188 122195 122202 122208 122215 122222 122228 122234 122241 122248 122254 122261 122268 122274 122280 122287 122294 122301 122308 122315 122322 122329 122336 122343 122349 122356 122363 122370 122377 122384 122391 122398 122405 122412 122419 122426 122433 122440 122447 122454 122461 122471 122484 122491 122498 122505 122512 122519 122532 122545 122552 122559 122566 122573
19446 19447 19449 2320 2300 2321 2340 2680 9731 9732 9733 9734 19446 19448 19450 19452 19481 19484 19485 2321 2301 2320 2322 2341 2681 23047 23048 23049 23050 2322 1984 2302 2321 2323 2342 2682 2323 1985 2303 2322 2324 2343 2683 2324 1986 2304 2323 2325 2344 2684 2325 1987 2305 2324 2326 2345 2685 2326 1988 2306 2325 2327 2346 2686 2327 1989 2307 2326 2347 2687 2328 1991 2308 2329 2348 2688 2329 1992 2309
10404 10405 10406 5729 142 5683 5728 10409 10410 10411 5730 5684 5731 5754 10414 10415 10416 5731 143 5690 5730 10421 10422 10423 5732 5691 5734 5759 10427 10428 10429 5733 126 5705 7868 10435 10436 10437 5734 144 5732 7869 10441 10442 10443 5735 5738 7870 7952 19822 19823 19824 5736 5741 7956 10451 10452 5737 127 5708 7875 19829 19830 19831 5738 145 5735 5739 7876 7924 7926 7928 7930 10464 10465 10468 10469 19822 19824
8603 8605 8608 8626 8822 12731 12732 12734 8608 843 8604 8606 8607 8627 8823 8609 849 850 8385 8589 8611 8613 8618 8619 8622 8610 848 849 858 8386 8611 8614 8611 6378 8387 8609 8610 8615 8630 12738 12740 12742 8612 848 849 1023 8592 8613 8614 8613 6379 8593 8609 8612 8615 8828 12745 12747 12749 8614 848 8610 8612 8615 8633 8829 8615 6380 8611 8613 8614 8634 8830 12752 12753 12755 8616 8620 8621
8388 12054 12055 12056 12057 12051 6195 8385 8391 12012 12054 12055 12052 6195 8617 12014 12054 12056 12053 6195 8385 8618 12055 12056 12059 12054 8393 12016 12050 12051 12052 12055 8385 8394 12050 12051 12053 12061 12056 8620 12050 12052 12053 12063 12057 12040 12050 12061 12062 12063 12058 6196 8387 12043 12061 12062 12107 12059 6196 8387 12053 12061 12063 12738 12060 6196 12062 12063 12108 12739 12061 8387 12045 12055 12057 12058 12059 12062 12046
7293 15777 15860 15861 21758 15858 7293 7619 15779 15853 15860 15862 15859 7293 7619 15861 15862 15870 21760 15860 15856 15857 15858 15861 15849 15856 15857 15859 15872 21762 15862 7619 15855 15856 15858 15859 15874 15863 15866 15867 15868 15864 7294 15848 15854 15867 22171 15865 7294 15866 15867 15871 15951 22172 15866 15863 15865 15873 15953 15867 15855 15863 15864 15865 15874 22174 15868 15856 15863 15872 15873 15874 15869 7295 7301 15850 15872 15873 21779
19291 19291 2330 7456 9757 19287 19289 19290 19292 7492 7495 16517 19296 19297 19298 19293 1997 7492 9729 15626 19296 19297 19294 1997 15627 16494 16518 19296 19298 19295 1997 7495 9729 16495 19297 19298 19296 7492 15629 16521 19292 19293 19294 19297 7492 7495 9729 19292 19293 19295 19298 7495 16498 16522 19292 19294 19295 19299 1998 1999 7247 19301 19303 23046 19300 1998 2012 7248 7494 19301 19304 21710 21711 21714 19301 1999 7249 9775 19299
22610 22609 9305 9307 9314 22605 22606 22610 22610 1480 9305 9307 22607 22608 22609 22611 9370 14436 15181 18928 22614 22615 22612 9370 9372 9379 14437 22614 22616 22613 9370 9374 9380 15182 22615 22616 22614 9372 14440 18931 22611 22612 22617 22615 9374 15183 18932 22611 22613 22617 22616 9372 9374 9383 22612 22613 22617 22617 9372 9374 18933 22614 22615 22616 22618 9405 14581 15259 18935 22621 22622 22619 1543 9405 9407 14582 22621 22624 22620
0.0330698 0.0330703 -0.235829 0.0330778 0.033077 0.0517786 0.0517507 0.0330725 0.0330727 -0.235794 0.0330818 0.0330814 0.0517507 0.0517301 0.0330749 0.0330753 -0.235761 0.0330859 0.0330855 0.0517301 0.0517038 0.0330775 0.0330782 -0.235724 0.0330849 0.0330843 0.0517038 0.0516924 0.0330792 0.0330798 -0.235704 0.0330831 0.0330824 0.0516924 0.0516869 0.0330794 0.0330794 -0.235692 0.0330806 0.0330808 0.0516869 0.0516855 0.0330788 0.0330792 -0.235688 0.0330797 0.0330796 0.0516855 0.0516852 0.033079 0.033079 -0.235686 0.0330789 0.0330789 0.0516852 0.0516852 0.0330787 0.0330787 -0.235684 0.0330786 0.0330786 0.0516852 0.0516852 0.0330782 0.0330782 -0.235686 0.033079 0.033079 0.0516852 0.0516849 0.0330788 0.0330788 -0.235686 0.033079 0.033079 0.0516849 0.0516853 0.0330788 0.0330788
0.00672441 0.00492878 0.0103564 -0.0465941 0.00774921 0.00792851 0.00514862 0.00769967 0.00709208 0.010976 -0.0210384 0.00586767 0.00859584 0.00657491 -0.133133 0.0163456 0.0167381 0.0254835 0.00514198 0.00527657 0.00502496 0.00523959 0.00798197 0.0083175 0.00812267 0.00826444 0.00512244 0.00546743 0.0053489 0.00525762 -0.0486267 0.0119617 0.0051547 0.00493944 0.00702104 0.0119447 0.0076051 -0.0203601 0.00933506 0.00493485 0.00609017 -0.0486853 0.00810576 0.00815085 0.00512155 0.00801531 0.00767456 0.0116173 -0.0563649 0.0120172 0.00827498 0.00451952 0.00965681 0.00629201 0.0156044 -0.0497346 0.00496003 0.00785291 0.0119617 0.00669088 0.0111764 0.00709267 -0.0535144 0.0092413 0.00986263 0.00687969 0.0064699 0.0138215 0.00723933 -0.0442818 0.0120172 0.0101484 0.00595592 0.00746119 0.00869907 -0.0406096 0.00996044 0.00778297 0.00986263
0.0126272 0.00732578 -0.0501235 0.00795247 0.0117261 0.00751822 0.00762025 0.00768201 0.00762451 -0.0362238 0.0051095 0.00548102 0.0119667 0.00599787 0.00766862 -0.0254904 0.00258021 0.00480529 0.00230351 0.0158014 -0.026302 0.0051095 0.00258021 0.0143318 0.00428045 -0.034865 0.00548102 0.00480529 0.00496669 0.0123936 0.00721832 -0.107705 0.02477 0.016864 0.0165711 0.0165621 0.0165296 0.0164086 -0.122345 0.0166288 0.0164756 0.0078014 0.0166268 0.0248635 0.016462 0.00783852 0.0078293 0.00781852 -0.1077 0.0168796 0.0165377 0.0165296 0.0248635 0.0164307 0.0164584 -0.12215 0.0163511 0.0163201 0.00792412 0.0163871 0.0250296 0.0164842 0.0078787 0.00791515 0.0078599 -0.107611 0.016918 0.0164381 0.0164086 0.0250296 0.0164445 0.0163722 -0.122228 0.00787357 0.016462 0.0164842 0.0249927 0.0164985 0.0164109
0.00498894 0.00800014 0.00791681 0.0112143 0.00799499 -0.0327929 0.0052422 0.00877033 0.0139273 0.00485307 -0.0472935 0.00500186 0.00803608 0.0079868 0.0112886 0.0070634 0.00791681 -0.0604607 0.00453732 0.0160755 0.00981159 0.00949731 0.0112143 0.00932469 -0.047652 0.00858343 0.00633358 0.0112904 0.00722923 0.00706356 0.00715174 -0.049929 0.00752708 0.00507561 0.0106865 0.00731798 0.0116945 0.0076274 -0.0554203 0.00727805 0.0123602 0.00875869 0.00792566 0.0114209 0.00767684 -0.04713 0.0117495 0.00829338 0.00502914 0.00745511 0.00717062 0.00743221 -0.0559737 0.0124562 0.00883326 0.0112904 0.00731798 0.00792566 0.00815014 -0.0472687 0.00828612 0.00504534 0.00722923 0.0116945 0.00745511 0.00755847 -0.0474859 0.008585 0.00630633 0.00706356 0.0114209 0.00717062 0.00693949 -0.0499282 0.00495186 0.00751503 0.00672456 0.011624 0.00745134
-0.0537172 0.00985301 0.00519322 0.00676562 0.0122954 0.0121207 0.00748929 -0.0434146 0.0099734 0.0070026 0.00977327 0.006899 0.00976635 -0.0488872 0.0050986 0.0111959 0.00709603 0.00676562 0.0111847 0.00754624 -0.0546118 0.00513725 0.012712 0.00679876 0.00995587 0.0122954 0.00771253 -0.0490846 0.00508457 0.00701782 0.011199 0.00680392 0.0113705 0.0076089 -0.0431772 0.00686574 0.00972262 0.0097726 0.00709156 0.00972472 -0.0263975 0.00461973 0.00691399 0.00994616 0.0049176 -0.0537949 0.0098802 0.00521629 0.00752484 0.0121207 0.00677336 0.0122795 -0.0435874 0.00701782 0.0097726 0.00691399 0.00998016 0.00990287 -0.0488819 0.0051044 0.0111847 0.011199 0.00709156 0.00677336 0.00752889 -0.0546029 0.00512403 0.00768645 0.00680392 0.00994616 0.0122795 0.0127628 -0.0492891 0.00499302 0.0113705 0.00688215 0.0115069 0.00688136 0.00765521
0.0160129 -0.103807 0.0174031 0.016781 0.0111988 0.0162088 0.0257685 0.0164465 -0.110576 0.0110513 0.0158352 0.025529 0.0163976 0.0257685 0.0159945 -0.103547 0.0173196 0.0164546 0.0109806 0.0166174 0.0255654 0.0166093 -0.11003 0.0107847 0.0252563 0.0162053 0.0160129 0.0255654 0.0162058 -0.098031 0.0173191 0.0111184 0.0109796 0.0164465 0.0166093 0.025558 -0.104749 0.0109309 0.0107801 0.0252793 0.0159945 0.0162058 0.025558 -0.0486735 0.00525288 0.00492895 0.0118319 0.00714862 0.00753593 0.0119752 -0.0528405 0.0120087 0.00740415 0.00724299 0.0113615 0.0076073 0.00721584 -0.0517293 0.00786088 0.00540292 0.00668557 0.0123008 0.00707222 0.012407 -0.0510428 0.00707018 0.00491958 0.00759367 0.0118173 0.00764849 0.0119935 -0.0510751 0.00528752 0.00685631 0.0118746 0.00714862 0.0076073 0.0123008 -0.0506178
