data/processor7/gnn/A_csr_11000_rank7.dat
nRows 23149
nCols 23149
[rows 0 to 13 of 14, columns 1580 to 1658 of 23149]
11985 11992 11999 12006 12013 12020 12025 12030 12036 12042 12048 12054 12060 12069 12078 12087 12096 12105 12114 12120 12126 12132 12138 12144 12150 12156 12162 12169 12176 12183 12189 12194 12198 12203 12207 12212 12218 12224 12229 12237 12245 12253 12261 12269 12277 12282 12288 12294 12300 12306 12312 12318 12324 12329 12335 12342 12355 12371 12378 12385 12392 12399 12406 12413 12429 12442 12449 12456 12463 12470 12477 12484 12490 12495 12502 12518 12525 12532 12545
218 369 206 205 207 219 370 207 206 220 371 208 198 209 221 376 22772 22774 22776 209 108 208 17910 22771 22772 22774 210 5777 7986 7987 7989 22760 22771 211 5782 7881 7986 17923 17924 17925 212 7899 7995 7996 213 5784 5795 7999 8000 19956 19957 19960 22471 22474 22475 22477 22767 214 115 7999 17917 22778 22779 22781 215 116 202 216 229 381 22778 22780 22782 22784 216 117 203 215 217
3308 3636 3290 2943 3289 3291 3309 3637 3291 2944 3290 3292 3310 3638 3292 2945 3291 3293 3311 3639 3293 2946 3292 3294 3312 3640 3294 2947 3293 3295 3313 3641 3295 2948 3294 3296 3314 3642 3296 2949 3295 3315 3643 3297 2950 3298 3316 3298 2951 3297 3299 3317 3299 2952 3298 3300 3318 3644 3300 2953 3299 3301 3319 3645 3301 2954 3282 3300 3302 3320 3646 3302 2955 3283 3301 3303 3321 3647 3303
18530 20628 20629 20632 20871 20873 20875 20877 6602 1236 6589 13523 13524 13525 6603 6590 6605 6843 13522 13524 13526 13528 18532 20865 20867 20869 20871 20874 20876 20877 6604 6598 6623 6844 13530 13531 13532 6605 6601 6603 6624 6845 13529 13532 13534 13535 18534 6606 1047 6400 6592 13537 13538 13539 6607 1046 1059 6401 6608 6611 18538 6608 6402 6607 6612 6613 13536 13538 13540 13542 13544 13546 13548 18550 20642 20643 20646 6609 1046
15739 19096 9538 1723 1724 2024 9513 9539 9540 9539 2024 7266 9514 9535 9538 9541 9540 1723 2024 9536 9538 9541 19099 9541 2024 7268 9537 9539 9540 19100 9542 7266 9546 9547 9548 15730 15734 9543 1725 9546 9547 15661 9544 1725 9535 9546 9548 14947 15735 9545 1725 7266 9535 9547 9548 15662 9546 9542 9543 9544 15738 9547 7266 9542 9543 9545 15665 15732 9548 7266 9535 9542 9544 9545 15739 9549 9551 9552 15782
13172 13181 13175 6495 8754 13170 13171 13173 20750 13176 6495 13170 13172 13173 13183 18624 13177 6496 13163 13170 13181 13182 13183 13178 6494 13166 13181 13182 13192 13179 6494 13097 13172 13181 13183 13889 13180 6494 6496 13182 13183 13194 13890 13181 13098 13168 13174 13177 13178 13179 13182 6496 13169 13177 13178 13180 13196 13183 6496 13176 13177 13179 13180 13892 13184 6499 8755 13188 13189 13190 13198 13185 6497 8756 12505 13188 13189 13186 6497
10121 16994 16995 17008 16993 16844 16973 16989 16990 16991 22188 16994 7638 16974 16989 16990 16992 17010 16995 7638 10121 16989 16991 16992 22190 16996 9842 16999 17000 17001 22191 16997 7639 9877 17000 16998 7639 9879 16985 16999 17000 22192 16999 9843 16987 16996 16998 22195 17000 9881 16996 16997 16998 17004 22196 17001 16996 17003 17004 22198 17002 17003 17004 17020 17142 22199 17003 17001 17002 17021 22202 17004 17000 17001 17002 17144 22203 17005 9842
20297 6089 6094 11701 20301 20302 20303 20298 6089 6092 11626 18184 20301 20302 20299 6092 11628 11702 12313 20301 20303 20300 6092 6094 12314 18184 20302 20303 20301 6089 11630 11704 20297 20298 20299 20302 6089 6094 18184 20297 20298 20300 20303 6094 11706 12316 20297 20299 20300 20304 6090 6094 11701 20308 20309 20310 20305 6090 6093 11695 18205 20308 20309 20306 6093 11696 11703 20308 20310 20480 20307 6093 6094 18205 20309 20310 20481 20308 6090
0.0330786 -0.184037 0.0330924 0.033086 0.0516753 0.0330787 0.0331042 -0.235763 0.0331088 0.0330827 0.0516753 0.0516858 0.0330751 0.0331348 -0.235837 0.0331322 0.0331579 0.0516858 0.0516239 0.0330605 0.0331763 -0.24658 0.0331614 0.0516239 0.0519728 0.0329453 0.0333594 0.0109783 0.0107839 0.0109744 0.0107806 -0.27564 0.0333914 0.0519728 0.0175232 0.0330464 0.0112179 0.0108034 0.0107391 0.0107555 0.0106978 0.0173992 0.0175655 0.017392 0.0110671 0.0111289 0.0109396 -0.104105 0.0112056 0.0175232 0.0161044 0.0259834 0.0164161 0.016872 -0.116009 0.0157409 0.0255543 0.0256744 0.0159665 0.0163961 0.0166768 -0.120728 0.0051355 0.0260015 0.0157862 0.0165532 0.0164558 0.0258583 0.00492511 0.00509696 0.00491563 -0.119898 0.00499561 0.0258343 0.0256455 0.0158549 0.0162714 0.00500457 0.00499425
0.0330755 -0.235698 0.0330726 0.0330835 0.0516937 0.0516909 0.0330808 0.0330769 -0.235695 0.0330749 0.0330818 0.0516909 0.0516886 0.0330805 0.0330777 -0.235691 0.0330771 0.0330805 0.0516886 0.0516868 0.0330799 0.0330781 -0.235688 0.0330781 0.0330797 0.0516868 0.0516857 0.0330793 0.0330786 -0.235687 0.0330788 0.0330792 0.0516857 0.0516855 0.0330787 0.0330788 -0.235687 0.0330791 0.0330787 0.0516855 0.0516856 0.0330788 0.0330792 -0.235688 0.0330793 0.0330788 0.0516856 0.051686 0.0330788 0.0330792 -0.235686 0.0330788 0.0330783 0.051686 0.0516859 0.0330783 0.0330787 -0.235687 0.0330793 0.0330787 0.0516859 0.0516856 0.0330787 0.0330791 -0.235688 0.0330794 0.0330788 0.0516856 0.051686 0.0330788 0.0330792 -0.235536 0.0330789 0.0330783 0.051686 0.0515363 0.0330783 0.0330787 -0.226699
0.00609694 0.00581276 0.00622902 0.011863 0.00922228 -0.126217 0.0051715 0.0163983 0.0161664 0.0160954 0.00796353 0.00804256 0.00802997 0.00799547 0.0249833 0.00520782 0.00504419 0.00511893 -0.0486182 0.00530732 0.00548458 0.0105009 0.00802409 0.0113092 0.0079921 -0.121856 0.0166062 0.0163888 0.0163823 0.0164681 0.0248225 0.00774845 0.00784229 0.00779923 0.00779798 -0.0500644 0.0105424 0.00751705 0.00529164 0.00766163 0.00767585 0.0113758 -0.121599 0.0161664 0.0163823 0.0161871 0.0163846 0.0249712 0.00786404 0.00789156 0.0078744 0.00787742 -0.0393636 0.00584913 0.00625565 0.0119534 0.00616221 0.00914323 -0.126479 0.0163586 0.0166729 0.00524935 0.0164697 0.00786528 0.00781455 0.00789183 0.00783436 0.0247781 0.00522868 0.00518106 0.00513426 -0.0428025 0.00786083 0.0076675 0.00728483 0.0109118 0.00907758 -0.122508 0.0162173
0.00722223 0.0136477 0.00764142 0.0125318 0.00694367 -0.0611742 0.0143574 0.0104389 0.00970821 0.0104909 0.0089836 0.00719532 -0.0273001 0.00403428 0.00985933 0.00339629 0.0100102 -0.0160628 0.00629597 0.00257299 0.00719386 -0.0396545 0.00403428 0.00629597 0.00584125 0.0125254 0.0109576 -0.0504053 0.00499374 0.00679728 0.007573 0.0117333 0.007452 0.011856 -0.0602728 0.013674 0.00945237 0.00678581 0.00881449 0.0102823 0.0112639 -0.0451075 0.00679984 0.0144079 0.00722652 0.0102807 0.0063925 -0.0496639 0.00702229 0.00500081 0.0118841 0.00750713 0.00750314 0.0107465 -0.0602155 0.00679728 0.00945237 0.0144079 0.00956265 0.00879185 0.0112034 -0.0509566 0.00499655 0.007573 0.00678581 0.0118841 0.00774944 0.0119677 -0.0495465 0.00501556 0.0117333 0.00722652 0.00750713 0.0106616 0.00740234 -0.107503 0.0253847 0.0171197 0.0159465
0.00764329 0.00766629 -0.0524416 0.00736847 0.0074341 0.0114609 0.0109651 0.00764985 0.00756316 -0.0389021 0.00583365 0.0116283 0.00563219 0.00732143 0.00848657 -0.0355994 0.00503806 0.0121875 0.00504938 0.00684648 0.00647797 -0.0350672 0.00316341 0.00354594 0.0176763 0.00563219 0.00504938 -0.0418779 0.0109651 0.00732143 0.00684648 0.00888287 0.007862 -0.0431952 0.00741686 0.00741315 0.009663 0.00787825 0.010824 -0.061085 0.0159265 0.00895307 0.00952071 0.00907311 0.00668417 0.0109274 -0.0278426 0.00289783 0.0158563 0.00316126 0.00592721 -0.0421463 0.00711122 0.00708405 0.00741315 0.00952071 0.0110172 -0.0618161 0.009663 0.00907311 0.0158563 0.00967119 0.00675385 0.0107987 -0.0439461 0.00848657 0.00787825 0.00792871 0.00907585 0.0105767 -0.0167641 0.0041596 0.0101721 0.00243239 -0.0277946 0.00418102 0.00316126 0.014171 0.00628127
0.0122783 0.00782209 -0.042345 0.0103664 0.00711112 0.00737391 0.0109852 0.00650837 -0.0518228 0.00478974 0.0123292 0.00776499 0.00779671 0.00686387 0.0122783 -0.0519327 0.0047714 0.0123231 0.0122215 0.00693219 0.00782209 0.00786238 -0.0513894 0.00482885 0.00770855 0.0075353 0.011782 0.00752486 0.0120099 -0.039899 0.00619934 0.00644432 0.00982361 0.00985133 0.00758038 -0.0397769 0.00972289 0.00624267 0.00626562 0.00765395 0.00989174 -0.050687 0.00770764 0.00486389 0.00739791 0.0115861 0.00746548 0.011666 -0.0401689 0.00647992 0.0075353 0.00985133 0.00626562 0.0100368 -0.051157 0.00484489 0.00767824 0.0118061 0.011782 0.00758038 0.00746548 -0.0511447 0.00485945 0.00753107 0.00752486 0.00765395 0.011666 0.0119094 -0.0514643 0.00474725 0.00770387 0.0120099 0.00736753 0.0120475 0.00758827 -0.0418834 0.00639007 0.00702589 0.0101972
