data/processor7/gnn/A_csr_10400_rank7.dat
nRows 23149
nCols 23149
[rows 0 to 13 of 14, columns 4029 to 4107 of 23149]
29648 29655 29662 29669 29676 29683 29690 29697 29704 29711 29718 29725 29732 29739 29746 29753 29759 29765 29772 29779 29786 29793 29800 29807 29814 29821 29828 29835 29842 29849 29856 29863 29870 29877 29883 29889 29894 29900 29907 29914 29921 29928 29935 29942 29949 29956 29963 29970 29977 29984 29991 29998 30005 30012 30019 30026 30033 30039 30045 30050 30056 30063 30070 30077 30084 30091 30098 30105 30112 30119 30126 30133 30140 30147 30154 30161 30168 30175 30182
537 550 700 537 374 536 538 551 701 538 375 525 537 539 552 702 18140 18142 18144 539 376 538 18126 18139 18140 18142 540 6023 6037 6039 8111 18139 20248 20249 20252 20253 541 5916 6028 6036 8282 8283 8284 542 6031 6046 8125 18147 18148 18149 543 381 6050 18133 18153 18154 18156 544 382 530 545 559 707 18153 18155 18157 18159 545 383 531 544 546 560 708 546 384 532 545 547
3315 3643 3659 3677 3956 3661 3318 3644 3662 3678 3957 3662 3319 3645 3661 3663 3679 3958 3663 3320 3646 3662 3664 3680 3959 3664 3321 3647 3663 3665 3681 3960 3665 3322 3648 3664 3666 3682 3961 3666 3323 3649 3665 3667 3683 3962 3667 3324 3650 3666 3668 3684 3963 3668 3325 3651 3667 3669 3685 3964 3669 3326 3652 3668 3670 3686 3965 3670 3327 3653 3669 3671 3687 3966 3671 3328 3654 3670 3672
17516 21197 21200 21202 21203 21204 21207 21209 21210 6899 1301 6677 14417 14418 14419 6900 1321 6678 6901 6904 9081 18767 18769 18771 18773 6901 6679 6900 6905 6906 14416 14418 14420 14422 18774 20950 20951 20954 21219 21221 21223 6902 1536 6885 6904 9083 14364 14366 14368 18767 18770 18772 18773 21211 21213 21215 21217 6903 6886 6908 9363 21212 21213 21214 6904 6900 6902 6905 9085 9364 18777 6905 6901 6904 6910 9365 18778 21211 21214
9874 9869 2091 7332 7634 22695 22696 22697 9870 2117 7333 9864 9871 9874 19349 19351 19353 19354 21808 21809 21812 9871 7334 7672 9870 9875 15993 15994 15997 19369 22696 22698 22700 22701 9872 2454 7637 9866 9873 9874 19350 19352 19353 19354 9873 7638 7674 9872 9875 22697 22699 22700 22701 23079 9874 9868 9870 9872 9875 19372 23080 9875 7676 9871 9873 9874 19373 23081 9876 7672 7674 9880 9881 9882 17139 9877 2091 9880 9881
13566 13602 14243 13565 13550 13562 13564 13604 13566 13563 13564 14245 13567 6616 8863 12881 13569 13572 13568 6616 8864 13569 13579 13569 8867 13567 13568 13576 13582 13570 8872 13577 13585 13571 13575 13576 13577 13587 13572 6617 6621 12884 13567 13575 13576 13573 6617 12885 13575 13577 20900 13574 6617 6621 13576 13577 13588 20902 13575 13571 13572 13573 13576 6621 13569 13571 13572 13574 13591 13577 13570 13571 13573 13574 13592 20904 13578 13582 13583
16723 17367 17369 17372 17366 7798 7802 10103 17352 17368 17369 17367 10062 16724 17363 17364 17365 17374 17368 7802 10064 17354 17363 17364 17366 17369 7802 10105 17363 17365 17366 17376 17370 7803 17356 17363 17374 17375 17376 17371 7799 16725 17358 17374 17375 22353 17372 7799 16726 17365 17374 17376 22395 17373 7799 7803 17375 17376 22355 22397 17374 16727 17360 17367 17370 17371 17372 17375 7803 17362 17370 17371 17373 22357 17376 7803 17369 17370 17372
20651 20653 20650 886 6408 12878 20652 20653 20655 20651 6409 8661 20464 20647 20648 20649 20652 8663 12879 20647 20648 20650 20658 20653 886 6409 20647 20649 20650 20659 20654 6413 12888 20647 20658 20659 20660 20655 6412 8684 12883 20650 20658 20659 20656 6412 6621 12884 12891 20658 20660 20657 6412 6413 6621 8684 20659 20660 20658 12886 12893 20652 20654 20655 20656 20659 6413 8684 20653 20654 20655 20657 20660 6413 6621 12894 20654 20656 20657
0.0257595 0.0164506 0.0167306 -0.119467 0.00517049 0.0252812 0.0159131 0.0163001 0.0164014 0.0252599 0.00498316 0.00516311 0.00499444 -0.129684 0.00498835 0.0159129 0.0170786 0.0169462 0.0256476 0.00484512 0.00498253 0.00485943 0.0085656 0.00859084 0.00856198 0.00870501 -0.053081 0.00768687 0.00727035 0.012105 0.0115579 0.00712391 0.00733695 -0.0503961 0.00884946 0.0131976 0.0126419 0.0068129 0.00889432 -0.0467722 0.00909126 0.0111809 0.0125008 0.00697387 0.0070254 -0.060308 0.00998479 0.00697605 0.0131779 0.0148429 0.00676856 0.00855787 -0.0538399 0.00676949 0.0121958 0.00793626 0.0121966 0.00707181 0.00766993 -0.120047 0.00497233 0.0255169 0.0255153 0.0159151 0.0165951 0.00501835 0.00494687 0.00501537 0.0165521 -0.115499 0.0159857 0.0253776 0.0163966 0.0253316 0.016082 0.0163252 -0.261309 0.0330087 0.0516358
0.0516861 0.0330739 -0.202605 0.0330786 0.0330789 0.0516861 0.051686 0.0330758 -0.202607 0.0330783 0.0330788 0.051686 0.0516859 0.0330776 -0.202608 0.0330782 0.033079 0.0516859 0.0516858 0.0330788 -0.20261 0.0330786 0.0330793 0.0516858 0.0516856 0.033081 -0.202612 0.0330787 0.0330793 0.0516856 0.051686 0.0330828 -0.202613 0.0330782 0.0330789 0.051686 0.0516859 0.0330839 -0.202616 0.0330788 0.0330793 0.0516859 0.0516856 0.0330863 -0.202618 0.0330788 0.0330794 0.0516856 0.051686 0.0330879 -0.202618 0.0330783 0.0330789 0.051686 0.0516859 0.0330895 -0.202621 0.0330787 0.0330793 0.0516859 0.0516856 0.0330916 -0.202624 0.0330788 0.0330794 0.0516856 0.051686 0.033094 -0.202475 0.0330783 0.0330789 0.051686 0.0515374 0.033095 -0.193837 0.0328879 0.0328887 0.0515374 0.0436146
0.00492112 0.0050257 0.00735217 0.00515286 0.00875541 0.00879412 0.0122944 -0.0567011 0.00706996 0.00778311 0.0138876 0.00644631 0.0109824 0.0105318 -0.0200587 0.00713255 0.00629286 0.00663329 -0.0314672 0.00770679 0.00940816 0.00643366 0.00791861 -0.0468156 0.00877642 0.00517249 0.00529439 0.00777838 0.00765956 0.0121344 -0.0474106 0.011653 0.00497737 0.00509865 0.00681035 0.00702267 0.0118485 -0.0491511 0.011653 0.00497792 0.00791749 0.00697633 0.00676992 0.0108564 -0.0624403 0.0142713 0.00692426 0.00686227 0.00908724 0.00966755 0.0156277 -0.0604122 0.0142713 0.00722618 0.00677781 0.00871878 0.00982423 0.0135939 -0.0584887 0.0131555 0.00745768 0.00665257 0.00826313 0.0096936 0.0132662 -0.0586009 0.0131555 0.00750552 0.00666136 0.00827348 0.00975562 0.0132493 -0.0603981 0.0142641 0.00722304 0.00675021 0.00867419 0.00983937 0.0136473
0.0112098 0.00730078 -0.0511078 0.00701685 0.0049476 0.0119935 0.00741962 0.00773783 0.0119924 -0.061702 0.0070816 0.00957688 0.0104959 0.0122072 0.0155508 0.00678959 -0.0513056 0.00489914 0.00760538 0.00677252 0.0119935 0.00773257 0.0123025 -0.0506983 0.00496804 0.0117124 0.00745742 0.00741962 0.0116862 0.00745455 -0.0515886 0.00489671 0.00696641 0.00776676 0.0122339 0.0122289 0.00749585 -0.0498887 0.0129285 0.00874703 0.00678214 0.00888091 0.0125502 -0.0634311 0.00944281 0.0148857 0.00697759 0.0112439 0.0143434 0.00653774 -0.0524313 0.00677982 0.00477964 0.0125036 0.00776028 0.00796721 0.0126408 -0.0629509 0.00696641 0.00874703 0.0148857 0.0101679 0.0155746 0.00660932 -0.0520935 0.00481311 0.00776676 0.00678214 0.0125036 0.00788223 0.0123456 -0.0516648 0.00487974 0.0122339 0.00697759 0.00776028 0.0123421 0.00747119 -0.0509744
0.0154372 -0.0500133 0.00502045 0.0109045 0.00727421 0.00759929 0.0117119 0.00750292 -0.0164712 0.00399122 0.00569309 0.00678686 -0.0165556 0.00580165 0.00391756 0.00683636 -0.0457357 0.0069121 0.0109073 0.00712914 0.012621 0.00816614 -0.0379207 0.0036702 0.00580165 0.0069121 0.0103848 0.0111519 -0.0381181 0.00569309 0.00391756 0.0109073 0.0105897 0.00701047 -0.045462 0.00684963 0.0106902 0.00734776 0.00818515 0.0123893 -0.0598727 0.00703222 0.00485723 0.0158468 0.0101085 0.010972 0.0110559 -0.0471237 0.00705561 0.0117417 0.00737023 0.0123726 0.00858361 -0.0506093 0.011676 0.00500628 0.00753331 0.00684158 0.0118102 0.00774189 -0.0390993 0.00631353 0.00375334 0.0106902 0.010972 0.00737023 -0.0497306 0.00502186 0.0071589 0.00734776 0.0110559 0.00753331 0.0116128 -0.0586517 0.00678686 0.00818515 0.0123726 0.00684158 0.0146836
0.00723797 0.0121369 0.00786629 -0.0567827 0.00447963 0.00729999 0.00757899 0.0135151 0.017 0.006909 -0.0551964 0.0127037 0.0109597 0.00818033 0.00623274 0.0105211 0.00659883 -0.0537033 0.00899451 0.00510835 0.00857861 0.0129304 0.00701221 0.0110792 -0.0577983 0.00493028 0.00796659 0.0102967 0.017 0.0105211 0.00708364 -0.0472441 0.00496833 0.00507757 0.0111046 0.006909 0.00701221 0.0121723 -0.045793 0.00815232 0.00507596 0.00715026 0.00659883 0.0110792 0.00773644 -0.0457631 0.00522777 0.00835987 0.00518304 0.00708364 0.0121723 0.00773644 -0.0536979 0.00504356 0.00901584 0.00860302 0.0130601 0.0111178 0.0068575 -0.0559693 0.0112223 0.0127771 0.00810989 0.00619908 0.00680681 0.010854 -0.0570292 0.00733604 0.00448757 0.013464 0.00770073 0.00682273 0.0172182 -0.0463852 0.0051744 0.00827226 0.00715062 0.0111178 0.00680681
