data/processor7/gnn/A_csr_10600_rank7.dat
nRows 23149
nCols 23149
[rows 0 to 13 of 14, columns 18249 to 18327 of 23149]
125985 125992 126002 126009 126016 126023 126030 126037 126044 126051 126058 126065 126072 126079 126086 126093 126100 126107 126114 126121 126128 126135 126142 126149 126156 126163 126170 126177 126184 126191 126198 126205 126212 126219 126226 126233 126240 126247 126254 126261 126268 126275 126282 126289 126296 126303 126310 126317 126324 126331 126338 126345 126352 126359 126366 126373 126380 126387 126394 126401 126408 126415 126422 126429 126436 126443 126450 126457 126464 126471 126478 126485 126492 126499 126506 126513 126520 126527 126534
2364 2386 2388 2413 2747 2388 2033 2365 2387 2389 2414 2748 2389 2034 2366 2388 2390 2415 2749 2390 2035 2367 2389 2391 2416 2750 2391 2036 2368 2390 2392 2417 2751 2392 2037 2369 2391 2393 2418 2752 2393 2038 2370 2392 2394 2419 2753 2394 2039 2393 2395 2420 2754 2395 2040 2394 2396 2421 2755 2396 2041 2395 2422 2756 2397 2043 2371 2398 2423 2757 2398 2044 2372 2397 2399 2424 2758 2399 2373
7902 8000 8025 10638 10640 10642 10644 10654 10655 10658 10659 19954 19956 19958 19960 5798 8002 10646 10647 5799 5920 8004 8029 10655 10656 10657 5800 239 7908 8008 8013 8015 8017 8019 10669 10670 10673 10674 17454 17456 17458 17460 5801 5803 7909 8032 17455 17456 17457 5802 5932 8012 8035 10670 10671 10672 5803 240 5719 5801 10680 10681 10682 5804 5720 5811 10686 5805 242 5741 10689 5806 5742 5808 5834 10690 10691 10692 5807
886 887 6409 8452 8683 8685 8682 886 898 6425 8453 8683 8686 8683 887 898 8454 8681 8682 8687 8684 886 1061 6412 6426 8685 8686 20655 20657 20659 20669 20671 20673 8685 887 6413 8681 8684 8687 18564 8686 898 6428 8682 8684 8687 18565 8687 887 898 8683 8685 8686 18566 8688 895 896 6415 8459 8690 8692 8697 8698 8701 12900 12901 12904 8689 894 895 907 8460 8690 8693 8690 907 6429 8461 8688
12135 12136 12143 12138 8646 12135 12136 12145 12150 12139 12122 12135 12143 12144 12145 20430 12140 6209 8423 12090 12125 12143 12144 12141 6209 12092 12136 12143 12145 12820 12142 6209 8423 12144 12145 12821 20432 12143 12094 12127 12137 12139 12140 12141 12144 8423 12128 12139 12140 12142 20434 12145 12138 12139 12141 12142 12823 20436 12146 12129 12135 12149 12150 20430 12147 6210 12132 12149 12192 12148 6210 12149 12150 12193 12827 20433 12149 12134 12146
15955 21780 15952 2070 7320 15922 15954 15955 21787 15953 9581 15866 15949 15950 15951 21782 15954 15923 15949 15950 15952 21789 15955 2070 15949 15951 15952 21784 21791 15956 9596 15957 15958 15959 15966 15957 9600 15956 15970 15958 15956 15964 15971 15959 7329 15956 15963 15964 15965 21792 15960 7325 15963 15964 15961 7325 9612 15121 15963 15965 21794 15962 7325 7329 9612 15964 15965 15975 15963 15959 15960 15961 21796 15964 7329 15958 15959 15960 15962
19369 2117 2118 9623 9871 19371 19373 19370 2116 2117 2144 9624 19371 19374 19371 2144 9625 19369 19370 19375 19377 19372 2116 2117 2480 9874 19373 19374 19373 2480 9875 19369 19372 19375 19379 19374 2116 2144 2480 19370 19372 19375 19375 2144 2480 19371 19373 19374 19381 19376 2118 2119 7358 7673 19378 19380 21857 21858 21861 22242 22243 22246 19377 2118 2145 7359 19371 19378 19381 19378 2145 7360 19376 19377 19382 19384 19379 2118 2481
22693 22688 9678 9680 9686 15488 22691 22694 22689 9680 15489 16312 22682 22691 22692 22690 9680 9684 9686 16314 22692 22694 22691 9678 15491 22684 22688 22689 22693 22692 9684 16316 22686 22689 22690 22693 22693 9678 9684 22687 22691 22692 22694 22694 9678 9684 9686 22688 22690 22693 22695 9869 15988 16984 19348 22698 22699 22696 9869 9871 9878 15989 22698 22700 22697 9869 9873 9879 16985 22699 22700 22698 9871 15990 19351 22695 22696 22701 22699
0.0330791 0.0330803 0.0516909 0.051687 0.0330837 0.0330784 -0.235692 0.0330797 0.0330796 0.051687 0.0516856 0.0330811 0.0330787 -0.235688 0.0330795 0.0330794 0.0516856 0.0516851 0.0330796 0.033079 -0.235687 0.0330788 0.0330793 0.0516851 0.0516859 0.0330789 0.0330788 -0.235686 0.0330785 0.0330788 0.0516859 0.0516858 0.0330789 0.0330782 -0.184002 0.0330788 0.0330793 0.0516858 0.0330792 0.0330788 -0.117851 0.0330791 0.0516875 0.0330843 -0.23571 0.0330767 0.0330835 0.0516875 0.0516944 0.0330902 0.0330773 -0.235737 0.0330719 0.033088 0.0516944 0.0517091 0.0330997 0.0330744 -0.235781 0.0330524 0.033094 0.0517091 0.0517439 0.0331132 0.0330682 -0.235767 0.0330052 0.033096 0.0517439 0.0517523 0.0331085 0.0330611 -0.235702 0.0329166 0.0331006 0.0517523 0.0517943 0.0330852 0.0330529
0.00550979 -0.0500834 0.00766789 0.0076648 0.00788157 0.00773111 0.00773133 0.0114067 -0.0387942 0.00786087 0.00619776 0.0163951 0.00418098 0.00415944 -0.0475942 0.0076464 0.00516999 0.0079664 0.00764903 0.0115331 0.00762926 -0.0275931 0.00584915 0.0029195 0.00289783 0.0159266 -0.0501264 0.00762774 0.00766789 0.00791407 0.00763155 0.0116596 0.0076255 -0.0500143 0.00785527 0.00788742 0.00791979 0.00748926 0.00779789 0.0110647 -0.0275931 0.00584914 0.0029195 0.0159266 0.00289784 -0.0452318 0.00527992 0.00524967 0.00791261 0.00773112 0.0113303 0.00772822 -0.0387945 0.00786085 0.0061978 0.00418101 0.0163954 0.00415952 -0.0500144 0.00788743 0.00785527 0.0079198 0.00748927 0.0110647 0.00779791 -0.0501275 0.00766808 0.00762791 0.00791421 0.00763172 0.00762565 0.0116599 -0.0383993 0.00617014 0.00773347 0.00398804 0.0164959 0.00401176 -0.0453453
0.0117631 0.00746603 0.00777418 0.0121508 -0.0521667 0.00674982 0.0114892 0.00737152 0.00775128 0.0113506 0.00745426 -0.0510806 0.00500093 0.00752508 0.00741785 0.0117631 0.00760409 0.0117695 -0.052773 0.00724451 0.0073833 0.0114892 0.00716678 0.0119087 0.0075805 -0.0509163 0.00499638 0.0117456 0.00746603 0.00737152 0.0117981 0.00753874 -0.126936 0.0255739 0.0165228 0.00497231 0.0157646 0.0165057 0.00501962 0.00499208 0.0050207 0.00811523 0.00815147 0.00810956 0.00818798 -0.120229 0.0158642 0.0165318 0.0258012 0.0257563 0.0165632 0.00490726 0.00491838 0.00493953 0.00494704 -0.11582 0.01649 0.0157646 0.0257563 0.0164395 0.0255832 0.015787 -0.125387 0.0166087 0.00496731 0.0260559 0.0257327 0.0157467 0.00485751 0.00500657 0.00502221 0.0054119 0.00530039 0.00535575 0.00532185 -0.120315 0.00504188 0.0165057 0.0257327
0.0149406 0.0066576 -0.0460713 0.00792477 0.0106659 0.0138395 0.00668332 0.00695779 -0.0151096 0.00246237 0.00724939 0.0053978 -0.0501216 0.00808652 0.0138395 0.013408 0.00806934 0.00671826 -0.025479 0.00372765 0.00859271 0.0101342 0.00302442 -0.0454772 0.00719021 0.00752856 0.00986802 0.00688115 0.0140092 -0.0592803 0.010844 0.0048503 0.00706759 0.0149406 0.0113859 0.010192 -0.0498095 0.0074524 0.00500507 0.00750008 0.0105538 0.00747419 0.011824 -0.0354727 0.00509337 0.0053978 0.00372765 0.00986802 0.0113859 -0.042205 0.00859271 0.00688115 0.00750008 0.00551041 0.0137207 -0.0589023 0.00484675 0.013408 0.0101342 0.010192 0.0105538 0.00976758 -0.0428447 0.00625562 0.0104313 0.00668332 0.0122573 0.00721716 -0.0483708 0.0118394 0.00776165 0.014337 0.00753471 0.00689797 -0.0494511 0.00806934 0.0122573 0.00776165 0.0145597
0.00735519 0.0108308 0.00686876 0.0115967 -0.0489607 0.00494537 0.00517267 0.0117837 0.00694749 0.00771381 0.0123977 -0.0503276 0.00492976 0.00747795 0.00689457 0.0116363 0.0074961 0.0118929 -0.0603643 0.00482439 0.0111972 0.0101961 0.0108308 0.00694749 0.0163683 -0.0595493 0.00980471 0.0129317 0.00686876 0.00689457 0.00891982 0.0141297 -0.0501871 0.00488009 0.00664202 0.00771381 0.0116363 0.0117811 0.00753377 -0.0494008 0.0118416 0.00926863 0.0124412 0.00659415 0.00925521 -0.0631707 0.00466309 0.00681389 0.0107906 0.0157924 0.00985704 0.0152538 -0.0495907 0.00516831 0.0123834 0.00488166 0.0123977 0.00684754 0.00791206 -0.0510324 0.00791566 0.00475282 0.00655015 0.01195 0.00781107 0.0120527 -0.0629167 0.00471647 0.00992341 0.0163683 0.00926863 0.0157924 0.00684754 -0.0490182 0.0124412 0.00985704 0.00655015 0.00806796 0.0121018
0.0166682 -0.104829 0.010922 0.0159724 0.0107831 0.0254231 0.025456 0.0162725 -0.104914 0.0109286 0.0107781 0.0159496 0.025456 0.0162918 0.0255096 -0.11029 0.0107643 0.0254857 0.0158766 0.0162725 0.0255392 0.0163513 -0.110398 0.0107581 0.015834 0.0162918 0.0255392 0.025598 0.0163771 -0.110643 0.0109867 0.0257321 0.0256392 0.0158664 0.0164366 0.0159824 -0.116557 0.0164736 0.0166678 0.0155644 0.0260506 0.0259637 0.0158365 -0.116406 0.015709 0.0164366 0.0259637 0.0158839 0.0258049 0.0166076 -0.104949 0.0109335 0.0159543 0.010782 0.0255096 0.0254724 0.0162973 -0.104916 0.0109305 0.0107905 0.0159824 0.0254724 0.0162864 0.0254541 -0.110428 0.0107611 0.025598 0.0158365 0.0162973 0.0255535 0.0163819 -0.110373 0.0107712 0.0158839 0.0162864 0.0255535 0.0255139 0.0163645 -0.110452
