data/processor7/gnn/A_csr_10800_rank7.dat
nRows 23149
nCols 23149
[rows 0 to 13 of 14, columns 9006 to 9084 of 23149]
66861 66868 66873 66879 66885 66892 66899 66906 66913 66920 66927 66934 66950 66957 66967 66974 66984 66991 66998 67005 67011 67018 67025 67032 67039 67046 67052 67056 67060 67067 67077 67084 67094 67101 67108 67115 67122 67129 67142 67149 67165 67172 67179 67184 67191 67197 67201 67208 67221 67234 67241 67257 67264 67271 67278 67285 67292 67305 67312 67328 67335 67342 67349 67356 67363 67368 67372 67379 67384 67388 67401 67414 67421 67437 67444 67451 67458 67474 67481
1425 8973 8975 8977 8979 18497 18498 18499 18500 18704 18707 18708 1195 1000 1185 1194 1196 1204 1426 1196 1001 1186 1195 1197 1205 1427 1197 1002 1187 1196 1206 1428 1198 1003 1188 1199 1208 18691 18693 18695 1199 1189 1198 18504 18690 18691 18693 1200 6557 6773 6775 8960 18690 21057 21058 21061 21062 1201 6561 6759 6772 8981 8982 8983 1202 6565 6782 8974 18698 18699 18700 1203 1194 6786 18511 18704 18705 18707 1204
4428 4406 4110 4383 4405 4407 4429 4407 4111 4384 4406 4408 4430 4635 4408 4112 4385 4407 4409 4431 4636 4409 4113 4386 4408 4410 4432 4637 4410 4114 4387 4409 4411 4433 4638 4411 4115 4388 4410 4412 4434 4639 4412 4116 4389 4411 4413 4435 4640 4413 4117 4390 4412 4414 4436 4641 4414 4118 4391 4413 4415 4437 4642 4415 4119 4392 4414 4416 4438 4643 4416 4120 4393 4415 4417 4439 4644 4417 4121
16534 7502 2351 7456 7503 7504 9757 19306 19309 19311 19312 7503 7457 7502 7505 7507 16524 16527 16529 16530 19488 22059 22061 22063 7504 7502 7505 7541 9759 19489 22051 22054 22056 22057 7505 7503 7504 7509 7542 16531 16534 16536 16537 19490 22066 22067 22069 7506 2027 7501 16542 16543 7507 2352 7462 7503 22059 22060 22061 7508 7463 7511 9988 16549 16550 16551 7509 7505 7546 9989 22066 22067 22068 7510 7513 7547 9990 16556 16557
5792 7992 10618 10625 10627 11059 10624 5792 8009 10626 10627 10630 11060 10625 5789 7992 10620 10621 10622 10623 10626 5789 8009 10621 10622 10624 10631 10627 10621 10623 10624 10628 10609 10621 10631 10629 10612 10631 17594 10630 10624 10631 17595 10631 10615 10626 10628 10629 10630 17597 10632 5793 7993 10610 17442 10633 5793 8014 17443 10634 5793 8016 10612 10635 5794 10639 17449 10636 5794 10698 17450 10637 5794 10641 10700 10638 5797 7994 10642
14395 14396 21486 14394 14382 14390 14391 14392 21208 14395 6941 14383 14388 14390 14391 14393 14396 14389 14390 14392 14393 21488 14397 9070 14400 14401 14402 17510 21197 14398 6892 13697 14400 14402 18761 21198 14399 6892 14311 14401 14402 17511 18762 14400 9071 13699 14397 14398 21201 14401 14397 14399 17514 14402 14397 14398 14399 17515 18765 21202 14403 9070 14407 14408 14409 21197 21204 14404 6893 14407 14408 14405 1303 6893 13702 14407 14409 21199 14406
18070 18072 18075 5997 11346 11369 18069 18071 18072 18076 281 443 444 5962 18078 18080 18077 281 442 443 466 18078 18081 18078 281 466 18076 18077 18082 18084 18079 442 443 599 5965 18080 18081 18080 5966 18076 18079 18082 18086 18216 18081 442 466 18077 18079 18082 18217 18082 466 18078 18080 18081 18088 18218 18083 444 445 5969 18085 18087 22789 18084 444 467 18078 18085 18088 22790 18085 467 8220 18083 18084 18089 22791
21370 21371 21366 7009 9243 14800 14847 21369 21370 21367 7007 7009 9243 9493 21369 21371 21368 7009 9493 14812 14848 21370 21371 21369 7007 9243 14801 21365 21366 21367 21370 14802 14813 14850 21365 21366 21368 21371 7007 9493 14814 21365 21367 21368 21372 1431 7014 14822 21376 21377 21378 21373 1431 7011 14047 18846 21376 21377 21374 7011 14048 14823 18859 21376 21378 21375 7011 7014 18846 18861 21377 21378 21376 1431 14051 14825 21372 21373 21374
0.0331089 0.0330939 -0.235688 0.0330885 0.0330838 0.0516645 0.0516788 0.0330887 0.0330842 -0.184003 0.0330819 0.03308 0.0516788 0.0330818 0.03308 -0.201905 0.0334103 0.0333081 0.017109 0.0334644 0.0332786 0.0171272 0.0171022 0.0171049 -0.103035 0.0110755 0.017109 0.0165957 0.0251504 0.016607 0.0164973 -0.116167 0.0167314 0.0247295 0.0167979 0.016429 0.0167592 0.0247195 -0.0547227 0.00957178 0.00505791 0.00768193 0.015082 0.00992861 0.00740045 -0.129323 0.00525329 0.00740108 0.0247942 0.0167017 0.0069734 0.00789958 0.00745406 0.0166988 0.00528578 0.00494024 0.00520731 0.00486521 0.00518082 0.00531623 0.00535144 -0.110373 0.0110221 0.016429 0.0249042 0.0251808 0.0164427 0.0163938 -0.252485 0.0332784 0.033191 0.0515958 0.0332853 0.033171 0.0170013 0.0169578 0.0170257 0.0169783 -0.235695
0.447517 0.699254 0.699252 0.447517 0.00245554 -2.29845 0.00245539 0.447517 0.699252 0.699254 0.447517 0.00245554 -2.29845 0.00245539 0.447514 0.699254 0.699252 0.447514 0.00245552 -2.29845 0.00245543 0.447519 0.699252 0.699249 0.447519 0.00245555 -2.29845 0.00245544 0.447519 0.699249 0.699254 0.447519 0.00245555 -2.29844 0.00245542 0.447512 0.699254 0.699254 0.447512 0.00245551 -2.29845 0.00245546 0.447519 0.699254 0.699249 0.447519 0.00245555 -2.29845 0.00245548 0.447519 0.699249 0.699254 0.447519 0.00245555 -2.29844 0.00245545 0.447512 0.699254 0.699254 0.447512 0.00245551 -2.29845 0.0024555 0.447519 0.699254 0.699249 0.447519 0.00245555 -2.29845 0.00245551 0.447519 0.699249 0.699254 0.447519 0.00245555 -2.29844 0.00245549 0.447512 0.699254
0.0169712 0.00488408 0.00477404 0.00487452 0.00480029 0.0155548 -0.0511952 0.0120568 0.00676077 0.00536129 0.0121046 0.00771603 0.00719575 -0.0497044 0.00790119 0.0126507 0.00944292 0.0129294 0.00678029 -0.0611788 0.0098456 0.0153725 0.00847807 0.00654497 0.0138972 0.00704052 -0.1202 0.0158227 0.0257912 0.0257516 0.0164988 0.0163807 0.00498296 0.00498908 0.00499201 0.00499062 -0.120004 0.0257516 0.0164023 0.0256011 0.0164256 0.0158683 0.00499618 0.00499383 0.00498017 0.00498536 -0.121389 0.0266084 0.0164988 0.0263588 0.0169902 0.00489635 0.00477967 0.0048794 0.00481333 0.0155645 -0.121008 0.0164023 0.0263588 0.0258666 0.0168134 0.00497094 0.00497168 0.00499686 0.00491812 0.0157092 -0.130717 0.0260275 0.00494423 0.0155821 0.0164246 0.00477541 0.00475063 0.00463351 0.00805157 0.00818992 0.00815238 0.00809133 0.00522404
0.0153385 0.0103066 -0.0487394 0.0091306 0.00699521 0.0106457 0.0131056 0.0088623 -0.0491053 0.00775591 0.0104962 0.00775452 0.00779454 0.00766689 0.00763724 -0.0414143 0.00529176 0.0112358 0.00712432 0.00699521 0.0107672 -0.0470798 0.00526088 0.00775288 0.00774269 0.0106824 0.00775452 0.00788644 -0.0418609 0.00779044 0.00772413 0.0106457 0.00779454 0.00790609 -0.0221673 0.00780168 0.00724498 0.00712059 -0.0434827 0.00720212 0.0105498 0.00787624 0.00913197 0.00872253 -0.0326447 0.00742938 0.00712059 0.00913197 0.00896275 -0.0404159 0.00467333 0.0153385 0.00872253 0.00644185 0.00523964 -0.0231279 0.00277146 0.0131056 0.00725088 -0.0334227 0.0107672 0.00896275 0.00644185 0.00725088 -0.0494986 0.00786481 0.00781066 0.010842 0.00765434 0.0076375 0.00768925 -0.0602123 0.00907799 0.0103066 0.0106845 0.0096839 0.0133426 0.00711668 -0.0490691
0.0085697 0.00948585 0.00753355 0.011278 -0.0586632 0.00682913 0.00484338 0.00793389 0.0144528 0.016067 0.008537 -0.0485776 0.00515913 0.0120369 0.00510407 0.00712229 0.00720472 0.0119505 -0.0553851 0.00486268 0.00703624 0.0129485 0.0075472 0.0149908 0.00799967 -0.0598461 0.00490828 0.0102528 0.010471 0.016067 0.00712229 0.0110247 -0.0320919 0.00743802 0.0085697 0.008537 0.0075472 -0.0571621 0.00494037 0.00948585 0.00720472 0.0149908 0.00974503 0.0107953 -0.0198242 0.00753355 0.0068604 0.00543021 -0.0305378 0.00569121 0.00799967 0.0088031 0.00804384 -0.0440792 0.00974503 0.0068604 0.0088031 0.0103128 0.00835786 -0.0305232 0.00543021 0.00786145 0.00877051 0.00846101 -0.0587114 0.00788922 0.00763927 0.0134821 0.0158345 0.00687229 0.00699404 -0.0202638 0.00646762 0.00652682 0.00726932 -0.0331464 0.00786145 0.00763927 0.00952931
0.0163274 0.0162716 0.0251462 0.0162722 -0.101847 0.0169526 0.0109238 0.0162872 0.0162602 0.0251462 0.0162769 -0.0480365 0.00537123 0.0103316 0.00688129 0.00717158 0.00715012 0.0111306 -0.0579182 0.0112834 0.00825508 0.014106 0.00685197 0.00814324 0.00927859 -0.0475471 0.00763352 0.00529765 0.00780463 0.0113294 0.00764018 0.00784172 -0.0491961 0.00777105 0.00779843 0.0069999 0.00762867 0.0112818 0.00771616 -0.0482942 0.00521321 0.0103523 0.00717158 0.00685197 0.0113294 0.00737579 -0.0548148 0.00781002 0.013056 0.0073736 0.00715012 0.00814324 0.0112818 -0.0473008 0.00533522 0.00775559 0.00772299 0.0111306 0.00764018 0.00771616 -0.0504246 0.00486692 0.0116612 0.00746169 0.0070264 0.0120015 0.00740689 -0.0499698 0.0126356 0.00519618 0.00657053 0.0111157 0.0070197 0.00743207 -0.0465597 0.0075231 0.00550875 0.00511142 0.00833351
