data/processor7/gnn/A_csr_10200_rank7.dat
nRows 23149
nCols 23149
[rows 0 to 13 of 14, columns 21567 to 21645 of 23149]
149283 149290 149297 149304 149311 149318 149325 149332 149339 149346 149353 149360 149367 149374 149381 149388 149395 149402 149409 149416 149423 149430 149437 149444 149451 149458 149465 149472 149479 149486 149493 149500 149507 149514 149521 149528 149535 149542 149549 149556 149563 149570 149577 149584 149591 149598 149605 149612 149619 149626 149633 149640 149647 149654 149661 149668 149675 149682 149689 149696 149703 149710 149717 149724 149731 149738 149745 149752 149759 149766 149773 149780 149787 149794 149801 149808 149815 149822 149829
2855 3180 2830 2470 2804 2829 2831 2856 3181 2831 2471 2805 2830 2832 2857 3182 2832 2472 2806 2831 2833 2858 3183 2833 2473 2807 2832 2834 2859 3184 2834 2474 2808 2833 2860 3185 2835 2475 2809 2836 2861 2836 2476 2810 2835 2837 2862 3186 2837 2477 2811 2836 2838 2863 3187 2838 2478 2812 2837 2839 2864 3188 2839 2479 2813 2838 2840 2865 3189 2840 2480 2814 2839 2841 2866 3190 2841 2481 2815
6033 6198 12123 12124 12125 6207 705 6034 12130 12131 12132 6208 6035 6223 8421 20424 20425 20426 6209 6200 6390 8423 12140 12141 12142 6210 6226 6391 12147 12148 6211 6227 6392 8425 20431 20432 20433 6212 6040 6202 12152 12153 12154 6213 704 717 6041 6217 18302 20437 20439 20441 20443 6214 6042 6219 8436 20438 20439 20440 6215 704 871 6204 6217 12158 12160 12162 12164 18304 20417 20419 20421 6216 6205 6396 12159 12160 12161
9125 9127 9129 9132 18964 9132 1351 9128 9130 9131 9138 18965 9133 1326 1327 6741 6926 9135 9137 14545 14546 14549 9134 1326 1352 6742 9128 9135 9138 9135 1352 6743 9133 9134 9139 9141 9136 1326 1567 6928 9130 9137 9138 21247 21249 21251 9137 6929 9133 9136 9139 9143 18970 21254 21256 21258 9138 1352 9132 9134 9136 9139 18971 9139 1352 9135 9137 9138 9145 18972 9140 1327 1328 6932 8932 9142 9144 21262 21263
8579 12619 12665 12666 12667 20602 12670 8800 12665 12667 12668 12674 20604 12671 12654 12665 12673 12674 12675 12672 12673 12674 12678 12720 13371 12673 12657 12671 12672 12680 12721 12674 12670 12671 12672 12681 13372 12675 12658 12671 12679 12680 12681 20598 12676 6370 8585 12661 12679 12680 12724 12677 6370 8585 12679 12681 20601 20795 12678 6370 12672 12680 12681 12725 20796 12679 8585 12663 12675 12676 12677 20603 12680 12664 12673 12675 12676 12678 12727
16490 16491 16605 16489 16464 16477 16485 16486 16487 16514 16490 16483 16485 16486 16488 16607 16491 9976 16478 16484 16485 16487 16488 16492 7489 9747 16496 16497 16498 16503 16493 7486 9748 16496 16497 22025 16494 7486 15620 16496 16498 16504 19294 16495 7486 7489 16497 16498 19295 22026 16496 9750 16492 16493 16494 16507 16497 7489 9751 16492 16493 16495 22029 16498 7489 16492 16494 16495 16508 19298 16499 9747 16501 16502 16503 16510 16500 9766 16501
19846 19847 19844 5743 5745 17759 17841 19846 19848 19845 5743 10395 10478 17842 19847 19848 19846 5745 17759 17836 19842 19843 19844 19847 10397 10480 17837 19842 19843 19845 19848 5745 10481 17845 19842 19844 19845 19849 5744 10471 19853 19854 19855 19856 19850 5744 5747 7951 17877 19853 19854 19851 5747 7951 10473 10763 19853 19855 19852 5747 10764 17877 19854 19855 19859 19853 5744 7951 10475 19849 19850 19851 19854 5744 17877 19849 19850 19852 19861
0.0329913 0.0106995 0.010725 0.0107198 0.0107683 0.0167428 0.0167411 0.0168738 0.0168182 -0.17978 0.0516099 0.0517851 0.0331653 0.0108275 0.0107843 0.0108444 0.0107637 -0.20273 0.0332029 0.0517851 0.051697 0.0331242 0.0329205 -0.202688 0.0331316 0.051697 0.0516885 0.0331136 0.0330573 -0.202659 0.0331087 0.0516885 0.0516806 0.0330958 0.0330859 -0.202624 0.033092 0.0516806 0.051682 0.0330855 0.0330841 -0.150928 0.0330838 0.051682 0.0330808 0.0330813 -0.139477 0.0519228 0.010979 0.0107767 0.0110008 0.0107823 0.0110809 0.0108758 0.0111246 0.0109341 -0.190605 0.0519228 0.0519766 0.0107646 0.0108834 0.0108802 0.0109267 0.010911 0.010769 0.0107885 0.0107819 -0.1907 0.0519766 0.0519155 0.010812 0.0108768 0.0108747 0.0108912 0.0108682 0.0108362 0.0108208 0.0108277 -0.190802
0.0330767 -0.235692 0.0330772 0.0330831 0.0516854 0.0516848 0.0330836 0.0330782 -0.235688 0.0330785 0.0330801 0.0516848 0.0516854 0.0330808 0.0330785 -0.235688 0.033079 0.0330794 0.0516854 0.0516856 0.0330797 0.0330788 -0.235687 0.0330788 0.033079 0.0516856 0.0516851 0.033079 0.033079 -0.202607 0.0330789 0.0516851 0.0516855 0.0330788 0.0330791 -0.202459 0.0330784 0.0516855 0.0515378 0.0330783 0.0330786 -0.150218 0.0329034 0.0515378 0.0328893 0.0328879 -0.184018 0.033064 0.0330917 0.0516972 0.0330915 0.0330739 -0.235712 0.0330549 0.0330938 0.0516972 0.0517005 0.0330953 0.0330706 -0.235683 0.032983 0.0331071 0.0517005 0.0517203 0.0331074 0.0330652 -0.235811 0.0331346 0.0331178 0.0517203 0.0516716 0.0331122 0.0330548 -0.246036 0.0330618 0.0516716 0.0516635 0.0330484 0.0329934
0.0154147 0.00976503 0.00703834 0.00543603 0.00656148 0.0111606 -0.048243 0.00744848 0.00757843 0.0072271 0.0104098 0.00804552 0.0075337 -0.0547189 0.00487955 0.00834629 0.0132744 0.00853272 0.0110648 0.00862116 -0.126359 0.0171403 0.017014 0.0242435 0.0167128 0.00525722 0.00539287 0.00516913 0.0053863 0.00728181 0.00769984 0.0073313 0.00773045 -0.0489917 0.00701083 0.00787979 0.00780489 0.00759408 0.0111631 0.00753908 -0.0582345 0.0154147 0.00682868 0.00489722 0.0101969 0.00973273 0.0111642 -0.126122 0.017014 0.0165538 0.0244872 0.0166244 0.00724916 0.00779895 0.00776109 0.00737054 0.0054118 0.00527539 0.00532023 0.00525548 -0.128593 0.0159212 0.0166762 0.0167331 0.0258489 0.00457505 0.0050235 0.00451537 0.0050468 0.00875106 0.00837629 0.00877918 0.00834646 -0.0487654 0.00717018 0.0104872 0.00497556 0.00716685 0.0116546
0.00521196 0.0109581 0.00814909 0.00796765 0.00835944 0.00724876 0.00544464 0.00530667 -0.132231 0.016198 0.00525619 0.00820925 0.0257094 0.0164582 0.00510728 0.00507366 0.00507832 0.00518251 0.00509282 0.0053635 0.00521126 0.00787711 0.00830571 0.00810758 -0.116506 0.0167097 0.0160938 0.0257094 0.0164582 0.0254214 0.016113 -0.12949 0.0162042 0.00493531 0.00795551 0.0260308 0.0162817 0.00448095 0.00493112 0.00496981 0.00522769 0.0045874 0.00517582 0.00497941 0.0075525 0.00815562 0.00802249 -0.116864 0.0164409 0.0164629 0.0260308 0.0162429 0.025383 0.0163041 -0.116628 0.0258193 0.0164582 0.0162817 0.0256494 0.0161484 0.0162708 -0.116295 0.0164582 0.0162429 0.0256494 0.02551 0.016138 0.0162962 -0.132796 0.0261882 0.00821495 0.00507006 0.00473474 0.0159423 0.0167226 0.0049134 0.00490078 0.00495853 0.00836365
-0.0197904 0.00331297 0.0100306 0.00644689 -0.0272338 0.00223823 0.00818482 0.00376877 0.0130419 -0.0546292 0.00794385 0.00708537 0.00851343 0.0100306 0.0105078 0.0105483 -0.0577974 0.00724916 0.00991171 0.00976935 0.0129637 0.00731582 0.0105877 -0.0573125 0.0101969 0.00493792 0.0131053 0.00941107 0.00869246 0.0109688 -0.0547009 0.00973273 0.0109609 0.00644689 0.0052438 0.0152915 0.00702501 -0.0470096 0.0111642 0.00779895 0.00519482 0.00790564 0.00729389 0.00765209 -0.0319544 0.00505444 0.0129637 0.00869246 0.0052438 -0.0472671 0.00776109 0.00523201 0.00808368 0.00731582 0.0109688 0.00790564 -0.0580363 0.00737054 0.0105078 0.0105877 0.0152915 0.00729389 0.00698483 -0.047878 0.0148476 0.00626451 0.014145 0.00652606 0.00609469 -0.026298 0.00271392 0.0121668 0.00287718 0.00854014 -0.0469959 0.016084 0.0059819 0.00626451 0.0121668
0.00692684 -0.0622625 0.0110914 0.00931635 0.0145025 0.00703081 0.0098772 0.0104442 -0.0477664 0.00697615 0.00721788 0.0117454 0.0144437 0.00738326 -0.0509853 0.00506635 0.0118474 0.00772524 0.00709828 0.00773379 0.0115143 -0.0507555 0.00497368 0.00752685 0.0118171 0.00690622 0.0119195 0.00761221 -0.0616385 0.0111848 0.00925056 0.00931635 0.0144437 0.00709828 0.0103447 -0.0485975 0.0120229 0.0145025 0.00738326 0.00690622 0.00778264 -0.0511535 0.00505727 0.00703081 0.00773379 0.0119195 0.00782066 0.0115914 -0.061455 0.0100091 0.0098772 0.0135314 0.0104414 0.00695467 0.0106412 -0.0600995 0.00674095 0.0139735 0.00719671 0.00788841 0.0152247 0.00907527 -0.0507505 0.00757645 0.00494624 0.0118268 0.00761221 0.00678135 0.0120074 -0.0512395 0.0119394 0.00502667 0.00704199 0.00779731 0.00763432 0.0117998 -0.049774 0.0137903 0.00778264
0.00522258 0.00753826 0.0113662 -0.0569622 0.00719484 0.0078659 0.00938698 0.0101833 0.00732783 0.0150033 -0.0564921 0.0109679 0.00498337 0.0142191 0.00985378 0.00699863 0.00946934 -0.0463748 0.0055812 0.00801903 0.00699242 0.0109161 0.00753826 0.00732783 -0.0461849 0.00537901 0.00502694 0.0105694 0.00684468 0.0113662 0.00699863 -0.0552097 0.00636122 0.0105235 0.00573441 0.00811788 0.0150033 0.00946934 -0.05317 0.00750279 0.00776515 0.0117611 0.0108349 0.00697013 0.00833598 -0.0454344 0.00551482 0.00769967 0.00798725 0.00520922 0.00749592 0.0115275 -0.0560979 0.00709208 0.00772516 0.00932671 0.00998767 0.00720621 0.0147601 -0.0571632 0.010976 0.00500669 0.0144331 0.0100309 0.00715916 0.00955737 -0.0459721 0.00553458 0.0078941 0.00700644 0.0108349 0.00749592 0.00720621 -0.0470135 0.00548116 0.00509816 0.0107773 0.00697013 0.0115275
