data/processor7/gnn/A_csr_10400_rank7.dat
nRows 23149
nCols 23149
[rows 0 to 13 of 14, columns 12798 to 12876 of 23149]
91812 91818 91823 91829 91836 91841 91847 91854 91861 91868 91875 91882 91889 91896 91903 91909 91915 91921 91927 91933 91938 91942 91949 91956 91963 91970 91977 91984 91991 91998 92005 92012 92018 92025 92030 92036 92043 92049 92055 92061 92067 92074 92081 92088 92095 92102 92109 92116 92122 92127 92131 92138 92145 92152 92159 92166 92173 92179 92186 92193 92200 92207 92213 92220 92227 92234 92241 92248 92254 92259 92266 92272 92277 92282 92287 92294 92300 92305 92311
1971 1685 1419 1669 1686 1698 1972 1686 1670 1685 1687 1699 1973 22970 22971 22972 22973 23010 23012 23014 1687 1671 1686 9223 23009 23010 23012 1688 6998 9477 9478 9480 19062 23009 1689 7002 9448 9477 17420 17421 17422 1690 9471 9486 9487 1691 7006 7222 9491 9494 14805 14806 14809 17547 17548 17551 19076 22646 22649 22650 22652 1692 1679 9241 9491 23016 23017 23019 1693 1680 1694 1704 1985 22977 22978 22979 22980 23016 23018
4981 4983 4996 5136 4983 4787 4969 4982 4984 4997 5137 4984 4788 4970 4983 4998 5138 4985 4789 4971 4986 4999 5139 4986 4790 4972 4985 4987 5000 5140 4987 4791 4973 4986 4988 5001 5141 4988 4792 4974 4987 4989 5002 5142 4989 4793 4975 4988 4990 5003 5143 4990 4794 4976 4989 4991 5004 5144 4991 4795 4977 4990 4992 5005 5145 4992 4796 4978 4991 4993 5006 5146 4993 4797 4979 4992 4994 5007 5147
22461 22462 22463 7959 77 145 146 5739 7961 7963 7960 77 145 164 7954 7961 7964 7961 77 164 7959 7960 7965 17861 7962 145 242 5741 7956 7963 7964 8049 8050 8052 10465 10467 10469 22457 22459 22463 7963 5742 5834 7959 7962 7965 17863 19836 19838 19840 19983 19984 19986 7964 164 5835 7958 7960 7962 7965 7965 164 5836 7961 7963 7964 17865 7966 190 191 7968 7970 7967 189 190 194 7968 7971 7968
11261 446 5852 5977 11263 11265 11268 11262 446 5977 11264 11265 11274 20167 11263 5852 8196 11259 11260 11261 11270 11264 8197 11259 11260 11262 11277 20169 11265 446 11259 11261 11262 11272 11278 11266 11256 11259 11270 11271 11272 11280 11267 5853 5978 11257 11270 11271 11292 11268 5853 5978 8226 11261 11270 11272 11269 5978 8226 11271 11272 11281 11294 11270 5853 11258 11263 11266 11267 11268 11271 11266 11267 11269 11284 11296 11272 8226 11265
15030 7068 9300 14231 15026 15027 15028 15031 7071 9302 15011 15026 15027 15029 15032 7068 7071 15026 15028 15029 18890 15033 7076 9310 15037 15038 15039 15040 15034 7073 9305 9311 14257 15037 15038 15035 1497 7073 14258 15037 15039 15041 15036 1497 7073 7076 9305 15038 15039 15037 15033 15034 15035 15038 7076 9305 9314 15033 15034 15036 15039 1497 7076 15033 15035 15036 15043 15040 15033 15043 15049 15041 15035 15043 17650 15042 15043 15050 17652
18611 18610 1320 6673 18606 18609 18612 18616 18611 1107 1133 1320 18607 18609 18612 18612 1133 1320 18608 18610 18611 18618 18613 1109 1110 6675 8745 18615 18617 20943 20944 20947 18614 1109 1134 8746 18608 18615 18618 18615 1134 8747 8901 18613 18614 18619 18616 1109 1321 6678 18610 18617 18618 18617 6679 8903 18613 18616 18619 18774 20949 20951 20953 18618 1134 18612 18614 18616 18619 18775 18619 1134 8905 18615 18617 18618 18776 18620 6717
7371 21886 21909 21910 21908 9642 16028 21904 21905 21906 21915 21909 7371 9643 21888 21904 21905 21907 21910 2120 7371 21904 21906 21907 21917 21911 7372 16109 21904 21915 21916 21917 21912 7370 16030 16111 21915 21916 21933 21913 7370 16032 19390 21906 21915 21917 21914 7370 7372 19390 21916 21917 21935 21915 16033 16113 21908 21911 21912 21913 21916 7372 16114 21911 21912 21914 21937 21917 7372 19390 21910 21911 21913 21914 21918 7378 9644 21922 21923
0.0518209 0.0517845 0.0330341 0.0330825 -0.202788 0.0331165 0.0517845 0.0517218 0.0330792 0.0330861 -0.202695 0.033103 0.0517218 0.0516998 0.0330854 0.0330849 -0.202648 0.0330921 0.0516998 0.0516882 0.0330849 0.0330828 -0.202623 0.0330861 0.0516882 0.051685 0.0330829 0.0330809 -0.202612 0.0330817 0.051685 0.0516852 0.0330803 0.0330797 -0.202609 0.0330797 0.0516852 0.0516855 0.0330793 0.0330789 -0.202607 0.0330789 0.0516855 0.051685 0.033079 0.0330786 -0.150922 0.0330788 0.051685 0.0330789 0.033079 -0.184094 0.0331057 0.0330843 0.051714 0.0331058 0.0330843 -0.235839 0.0331021 0.0330851 0.051714 0.0517492 0.033104 0.0330848 -0.235916 0.0330564 0.0330786 0.0517492 0.0518942 0.033058 0.0330794 -0.236542 0.0332886 0.0330327 0.0518942 0.0520058 0.0332857 0.0330347 -0.257626
0.447517 0.00245554 -2.29845 0.00245552 0.447514 0.699254 0.699252 0.447514 0.00245552 -2.29845 0.00245555 0.447519 0.699252 0.699249 0.447519 0.00245555 -2.29845 0.00245555 0.447519 0.699249 0.699254 0.447519 0.00245555 -2.29844 0.00245551 0.447512 0.699254 0.699254 0.447512 0.00245551 -2.29845 0.00245555 0.447519 0.699254 0.699249 0.447519 0.00245555 -2.29845 0.00245555 0.447519 0.699249 0.699254 0.447519 0.00245555 -2.29844 0.00245551 0.447512 0.699254 0.699254 0.447512 0.00245551 -2.29845 0.00245555 0.447519 0.699254 0.699249 0.447519 0.00245555 -2.29845 0.00245555 0.447519 0.699249 0.699254 0.447519 0.00245555 -2.29844 0.00245551 0.447512 0.699254 0.699254 0.447512 0.00245551 -1.5992 0.00245555 0.447519 0.699254 0.447519 0.00245555 -1.59919
0.0160167 0.0108033 0.0254484 0.0164352 0.0165547 0.0252692 -0.110523 0.0107391 0.0257571 0.0157416 0.0254484 0.0164688 0.0163683 -0.121084 0.0167884 0.0169863 0.00512156 0.0259408 0.0157444 0.0052004 0.00490805 0.00497664 0.0254177 -0.132988 0.00451953 0.00804072 0.00537245 0.0169594 0.0259408 0.0157728 0.0047243 0.00470568 0.00495735 0.00853458 0.00839489 0.00852389 0.00567532 0.00531368 0.00555245 -0.110148 0.0107554 0.0165149 0.0164352 0.0157444 0.0253904 0.0253077 -0.110744 0.0106978 0.0258012 0.0166127 0.0164688 0.0157728 0.0253904 -0.0598388 0.00481546 0.00710665 0.0105927 0.0108813 0.0160568 0.0103859 -0.0580832 0.0142576 0.0067532 0.00789195 0.0065836 0.0119649 0.0106318 -0.0505157 0.00697331 0.00494262 0.0116206 0.00747191 0.011682 0.00782519 -0.0561785 0.00945866 0.0105279 0.00688919 0.00705657
0.0106856 0.0079529 -0.042442 0.00586383 0.00751907 0.0156794 0.00786763 0.00551208 -0.0489805 0.0077935 0.00793839 0.00742414 0.0107452 0.00732831 0.00775095 -0.05851 0.00509831 0.0107094 0.0102953 0.0103662 0.0148668 0.00717388 -0.0466798 0.00523258 0.00773656 0.00786268 0.00726419 0.0107774 0.0078064 -0.0555336 0.00776154 0.00751907 0.0107452 0.0102953 0.00974404 0.00946844 -0.0588607 0.00752694 0.010372 0.0156794 0.00732831 0.00726419 0.0106898 -0.0544793 0.00485782 0.00786763 0.0103662 0.0107774 0.0122032 0.00840698 -0.0437957 0.0078634 0.0148668 0.00648206 0.00590698 0.0086764 -0.0216087 0.00538259 0.00974404 0.00648206 -0.0302513 0.0122032 0.00590698 0.00373313 0.00840794 -0.0284179 0.00269746 0.00543631 0.0131129 0.00717128 -0.0406186 0.0046289 0.00525343 0.0156055 0.00635564 0.00877509 -0.0412974 0.00796724 0.0108263
0.00524529 0.0105803 0.00851079 -0.0496102 0.00684517 0.00486517 0.00716249 0.0111357 0.0077663 0.0118354 -0.0617985 0.00904952 0.00478923 0.00923051 0.0153221 0.00684882 0.0165583 -0.0605548 0.00481727 0.0164225 0.0104982 0.00710082 0.0105803 0.0111357 -0.0585876 0.00470822 0.0134836 0.00949699 0.00706598 0.00851079 0.0153221 -0.049553 0.00497749 0.00517073 0.0122165 0.0077663 0.00684882 0.0125732 -0.0620457 0.00853659 0.0158712 0.00855886 0.0149388 0.00708144 0.00705868 -0.0541414 0.00720939 0.0070236 0.00842768 0.0100573 0.0109603 0.0104632 -0.0552913 0.00729121 0.00733099 0.0100443 0.00889173 0.011268 0.0104651 -0.0337117 0.00853659 0.00842768 0.0080355 0.00871193 -0.0616317 0.0158712 0.0100573 0.0100443 0.0108101 0.00742412 0.00742462 -0.0343051 0.00855886 0.00889173 0.00817365 0.00868085 -0.0602911 0.0149388 0.00880219
0.016541 0.0165564 0.0247085 0.016414 -0.11036 0.0164108 0.0109622 0.0249045 0.0250677 0.0165208 0.0164941 -0.102287 0.0169222 0.0109832 0.0164015 0.0250677 0.0164589 0.0164531 -0.110357 0.0109868 0.0248556 0.016555 0.0164636 0.0165208 0.0249749 -0.102242 0.0168929 0.01099 0.0165109 0.016414 0.0164589 0.0249749 -0.0482413 0.00532305 0.0104409 0.00689613 0.00715463 0.00724644 0.0111801 -0.0580797 0.0112881 0.00830553 0.0141919 0.00820217 0.00684834 0.00924372 -0.0491525 0.00777413 0.00779668 0.00700348 0.00759935 0.0112701 0.00770877 -0.0475886 0.00762945 0.00528867 0.00781199 0.011372 0.00765279 0.0078337 -0.0548953 0.0078226 0.0130795 0.00736633 0.00715463 0.00820217 0.0112701 -0.0485162 0.00520437 0.0104668 0.00724644 0.00684834 0.011372 0.00737825 -0.0473303 0.00531582 0.0077648 0.00770808 0.0111801
