data/processor7/gnn/A_csr_10200_rank7.dat
nRows 23149
nCols 23149
[rows 0 to 13 of 14, columns 9638 to 9716 of 23149]
71777 71782 71787 71794 71801 71806 71811 71816 71821 71828 71835 71840 71845 71850 71855 71862 71869 71885 71898 71914 71927 71934 71941 71954 71961 71968 71975 71982 71989 71996 72003 72013 72029 72036 72043 72050 72057 72070 72077 72084 72091 72098 72108 72118 72131 72138 72145 72152 72159 72169 72179 72186 72202 72212 72219 72226 72233 72240 72250 72260 72276 72283 72290 72297 72304 72311 72318 72325 72332 72338 72345 72352 72358 72362 72369 72376 72382 72386 72392
1276 1278 1295 1511 1278 1072 1277 1279 1296 1512 22926 22927 22930 22931 22940 22942 22944 1279 1278 9039 18574 22939 22940 22942 1280 6646 6865 9058 9060 21171 21172 21175 22583 22586 22587 22589 22939 1281 9057 9065 9066 1282 6663 6873 6892 18760 18761 18762 1283 9051 9072 18588 22946 22947 22949 1284 1076 1285 1306 1520 22933 22934 22937 22938 22946 22948 22950 22952 1285 1077 1267 1284 1286 1307 1521 1286 1078 1268 1285
4507 4234 4506 4508 4521 4703 4508 4235 4507 4522 4704 4509 4239 4495 4510 4523 4705 4510 4240 4496 4509 4511 4524 4706 4511 4241 4497 4510 4512 4525 4707 4512 4242 4498 4511 4513 4526 4708 4513 4243 4499 4512 4514 4527 4709 4514 4244 4500 4513 4515 4528 4710 4515 4245 4501 4514 4516 4529 4711 4516 4246 4502 4515 4517 4530 4712 4517 4247 4503 4516 4518 4531 4713 4518 4248 4504 4517 4519 4532
9813 9815 9816 16807 16809 16811 16813 22115 22117 22119 7587 7549 7590 10072 16808 16809 16810 7588 7583 7586 7629 10073 16794 16797 16799 16800 22156 22159 22161 22162 7589 7592 7630 10074 22157 22158 22159 7590 2402 7552 7587 16820 16821 16822 7591 7553 7594 10079 16827 16828 7592 7589 7635 10080 16833 16834 16835 7593 7596 7636 10081 16840 16841 16842 7594 2403 7555 7591 16846 16847 7595 7556 7598 7811 16849 16850 7596 7593 7640
10732 10741 10735 5813 10732 10739 10740 10741 19961 10736 5813 5816 8066 10739 10740 10753 10737 5816 10739 10741 10754 11165 10738 5816 8066 10740 10741 11166 19964 10739 5813 10733 10735 10736 10737 10756 10740 5813 8066 10735 10736 10738 19966 10741 10734 10735 10737 10738 11168 19967 10742 8039 10744 10745 10743 8044 10744 10746 17582 10744 8042 10742 10743 10749 17585 10745 10742 10749 10750 10751 10758 19968 10746 5818 7951 10743 10749 10750 10763
7138 14483 14496 14498 14522 14495 6920 7138 9123 14488 14497 14498 14496 14476 14492 14493 14494 14524 14497 9123 14477 14490 14492 14493 14495 14498 7138 14484 14491 14492 14494 14495 14499 14503 14504 14505 14506 14520 14500 6921 14472 14503 14504 14501 1325 6921 13812 14503 14505 14508 14502 1325 6921 14474 14504 14505 14521 14503 14499 14500 14501 14510 14504 14476 14499 14500 14502 14524 14505 1325 14499 14501 14502 14512 14525 14506 14499 14510 14511
6041 18164 18165 18164 6042 6060 8436 18160 18163 18166 20256 20258 20260 18165 553 565 8437 18161 18163 18166 18166 565 6061 8438 18162 18164 18165 18167 557 558 6052 18169 18171 22810 18168 557 570 6069 18169 18172 22811 18169 558 570 18167 18168 18173 22812 18170 557 719 6055 6070 18171 18172 20270 20272 20274 18171 558 6056 8448 18167 18170 18173 18172 570 6072 8449 18168 18170 18173 18173 558 570 8450 18169 18171 18172
21456 7102 9347 15160 21460 21461 21462 21457 7098 9342 9348 14365 21460 21461 21458 1536 7098 14366 15162 21460 21462 21459 1536 7098 7102 9342 21461 21462 21460 9350 14369 15164 21456 21457 21458 21461 7102 9342 9352 21456 21457 21459 21462 1536 7102 15166 21456 21458 21459 21463 7102 9347 15167 21467 21468 21469 21464 7100 9344 9349 15115 21467 21468 21465 1797 7100 15117 15169 21467 21469 21466 1797 7100 7102 9344 21468 21469 21467 9351
0.0110493 0.0109352 -0.109166 0.0170779 0.0167624 0.0167603 0.0251659 0.0166999 0.0166997 -0.135247 0.00506215 0.00505756 0.0162374 0.0162102 0.0061156 0.00531948 0.00479295 0.00610864 0.0053271 0.00481155 0.0103447 0.00808231 0.00811154 0.00827234 0.0253938 -0.0219392 0.010091 0.00595121 0.00589694 -0.116231 0.0166714 0.0166906 0.0249942 0.0248838 0.0164875 0.0165035 -0.273086 0.0514388 0.0331877 0.0331904 0.0168627 0.0168732 0.016891 0.0169436 0.0110045 0.0109518 0.0109698 0.0109478 0.0109883 0.0109354 0.0109594 0.0109413 -0.235602 0.0331523 0.0331567 0.0514388 0.0516277 0.0331133 0.0331136 -0.235701 0.0331101 0.0331096 0.0516277 0.0516649 0.0330945 0.0330942 -0.235689 0.0330883 0.0330886 0.0516649 0.051679 0.033084 0.0330843 -0.235687 0.033082 0.0330819 0.051679 0.0516839 0.0330801
0.447519 0.699245 0.447522 0.00245552 -1.59919 0.00245549 0.447517 0.699245 0.447515 0.00245549 -2.29844 0.00245551 0.44752 0.699245 0.699243 0.447518 0.00245551 -2.29844 0.00245551 0.44752 0.699243 0.699245 0.447518 0.00245551 -2.29843 0.00245549 0.447517 0.699245 0.699244 0.447515 0.00245549 -2.29844 0.00245552 0.447522 0.699244 0.69924 0.44752 0.00245552 -2.29844 0.00245552 0.447522 0.69924 0.699245 0.44752 0.00245552 -2.29843 0.00245548 0.447515 0.699245 0.699245 0.447513 0.00245548 -2.29844 0.00245552 0.447522 0.699245 0.69924 0.44752 0.00245552 -2.29844 0.00245552 0.447522 0.69924 0.699245 0.44752 0.00245552 -2.29843 0.00245548 0.447515 0.699245 0.699245 0.447513 0.00245548 -2.29844 0.00245552 0.447522 0.699245 0.69924 0.44752
0.0078726 0.0067077 0.0109061 0.00706434 -0.120793 0.0153664 0.0168356 0.0265667 0.0262208 0.0169106 0.00473565 0.00470665 0.00474044 0.00471013 -0.120375 0.0165779 0.0262208 0.0168007 0.0259341 0.00482125 0.00486227 0.00485297 0.00484242 0.0154628 -0.120959 0.0263413 0.0169106 0.0264719 0.0167703 0.00469077 0.00480464 0.00475491 0.00477802 0.0154365 -0.120979 0.0168007 0.0264719 0.0264703 0.0169729 0.00471795 0.00472439 0.00470564 0.00473441 0.015381 -0.040599 0.0106742 0.00623709 0.0100802 0.00641982 0.00718765 -0.0433687 0.00790061 0.0108014 0.00670116 0.010895 0.00707048 -0.0497018 0.0129926 0.00847831 0.00885001 0.0125299 0.00685095 -0.120383 0.015461 0.0165828 0.0259341 0.0262236 0.0168089 0.00482269 0.00485863 0.00485058 0.00484096 -0.120905 0.01685 0.0262236 0.0169375 0.0266149 0.00474012 0.00471242
0.0108653 0.00722646 -0.0585384 0.00513479 0.0107609 0.0148286 0.0103529 0.0102049 0.00725641 -0.048448 0.00782611 0.00772163 0.00723151 0.0107049 0.00731823 0.00764564 -0.05493 0.00490685 0.0085566 0.0123037 0.00794472 0.0108653 0.0103529 -0.0586936 0.00748884 0.0106333 0.0157496 0.00722646 0.00723151 0.0103638 -0.0555537 0.00978017 0.00757839 0.0102049 0.0107049 0.00768193 0.00960347 -0.0406762 0.00474327 0.00535365 0.00863846 0.00634573 0.0155951 -0.028296 0.00271982 0.00716304 0.00547885 0.0129343 -0.0413025 0.00892938 0.00634573 0.00716304 0.00800917 0.0108552 -0.0208462 0.00583799 0.0099304 0.00507778 -0.059549 0.00955446 0.00731823 0.00951534 0.0151733 0.0070024 0.0109853 -0.0416005 0.0071717 0.00547885 0.00782859 0.00525848 0.0158628 -0.0205027 0.0100263 0.00547789 0.00499849 -0.0561541 0.0103638 0.00800917 0.0099304
-0.0219954 0.00978187 0.00617142 0.00604214 -0.0311067 0.0067136 0.0122237 0.00436813 0.00780125 -0.0213795 0.0100496 0.00436813 0.00696181 -0.0215943 0.00645977 0.00577629 0.00935828 -0.0214139 0.00958841 0.00601203 0.00581346 -0.0219965 0.00593508 0.0100689 0.00599257 -0.0545894 0.00687151 0.0105377 0.00616633 0.0089866 0.0154244 0.00660287 -0.052015 0.0147121 0.00631793 0.010087 0.00592047 0.00579828 0.00917923 -0.0541489 0.0069706 0.0101394 0.0085063 0.00953499 0.0107376 0.00826 -0.0449512 0.00789649 0.00748051 0.00538187 0.00535211 0.0114361 0.00740414 -0.0214996 0.00616633 0.00579828 0.00953499 -0.0542991 0.00502844 0.00491636 0.0147524 0.0089866 0.00917923 0.0114361 -0.0572232 0.00745004 0.00509838 0.0154244 0.0107376 0.00740414 0.0111086 -0.0304393 0.00660287 0.0120848 0.004291 0.00746059 -0.0414532 0.0052365 0.00603829
0.0164611 0.0251415 0.0164729 -0.109803 0.010939 0.0248843 0.0162375 0.0162925 0.0251415 0.0163086 -0.107295 0.0251453 0.0169613 0.0163021 0.0163081 0.0162614 0.0163171 -0.109747 0.0162493 0.0109179 0.024973 0.016232 0.0250949 0.0162797 -0.101733 0.0169419 0.010909 0.0162622 0.0162614 0.0250949 0.0162632 -0.115209 0.0163297 0.0163969 0.0247485 0.0163432 0.0250829 0.0163077 -0.107306 0.0169549 0.0163256 0.0163171 0.0250829 0.016279 0.0163462 -0.109737 0.0109353 0.0248214 0.0162797 0.0163077 0.0250484 0.0163449 -0.101732 0.0169359 0.0109156 0.0162632 0.016279 0.0250484 0.01629 -0.0503164 0.00491637 0.0116435 0.00730685 0.00707273 0.0119706 0.00740627 -0.0518479 0.0123354 0.00687968 0.011069 0.00711538 0.00729518 0.00715336 -0.0485261 0.0075764 0.00511362 0.00826593 0.0119483 0.00782206
