data/processor7/gnn/A_csr_10600_rank7.dat
nRows 23149
nCols 23149
[rows 0 to 13 of 14, columns 3950 to 4028 of 23149]
29105 29112 29119 29126 29133 29140 29147 29154 29161 29168 29174 29180 29187 29194 29201 29208 29215 29222 29229 29236 29243 29250 29257 29264 29271 29278 29285 29291 29297 29304 29311 29318 29325 29332 29339 29346 29353 29360 29367 29374 29381 29388 29395 29402 29408 29414 29421 29428 29435 29442 29449 29456 29463 29470 29477 29484 29491 29498 29505 29512 29519 29525 29531 29538 29545 29552 29559 29566 29573 29580 29587 29594 29601 29608 29615 29622 29629 29636 29642
8262 18051 18125 18126 18128 527 5895 6014 6023 11477 11478 11481 11482 18125 20215 20216 20219 20234 20235 20238 20239 528 5909 6018 8275 8276 8277 529 6030 8268 18058 18132 18133 18135 530 367 520 531 544 694 18132 18134 18136 18138 531 368 521 530 532 545 695 532 369 522 531 533 546 696 533 370 523 532 534 547 697 534 371 524 533 548 698 535 372 536 549 699 536 373 535
3944 3649 3304 3632 3648 3650 3666 3945 3650 3305 3633 3649 3651 3667 3946 3651 3306 3634 3650 3652 3668 3947 3652 3307 3635 3651 3653 3669 3948 3653 3308 3636 3652 3654 3670 3949 3654 3309 3637 3653 3655 3671 3950 3655 3310 3638 3654 3656 3672 3951 3656 3311 3639 3655 3657 3673 3952 3657 3312 3640 3656 3658 3674 3953 3658 3313 3641 3657 3659 3675 3954 3659 3314 3642 3658 3660 3676 3955 3660
7099 14370 14371 14372 6887 6886 6908 7104 14375 14376 6888 6890 6934 7118 14377 14378 6889 6655 6893 6937 14380 14381 6890 6888 6940 7123 14385 14386 14387 6891 6897 6941 7124 14391 14392 14393 6892 1282 14398 14399 6893 1303 6658 6889 14404 14405 14406 6894 6659 9073 9105 21198 21199 21200 6895 1517 14411 14412 6896 6871 9075 9356 17511 17512 17513 6897 6891 9108 9357 21205 21206 21207 6898 9077 9109 9358 17510 17513 17515
9860 9859 2435 7625 9855 9858 9861 23061 9860 2435 7670 9856 9858 9861 19365 9861 2435 9857 9859 9860 19366 23063 9862 2089 2090 7327 7628 9864 9866 15968 15969 15972 19349 19350 19354 22179 22180 22183 9863 2089 2116 7328 9864 9867 19343 9864 2116 7329 9862 9863 9868 9870 9865 2089 2453 7631 9866 9867 19345 9866 2453 7632 9862 9865 9868 9872 9867 2116 2453 9863 9865 9868 19347 9868 2116 2453 9864 9866 9867
8859 13511 13555 20879 13553 6614 9022 13556 13554 6614 9023 13555 13556 13559 20881 13555 8860 13551 13552 13554 13561 20883 13556 9025 13551 13553 13554 13563 13557 13543 13551 13561 13562 13563 13558 6612 6615 6629 13546 13561 13562 13559 6612 6615 13554 13561 13563 21135 13560 6615 6629 13562 13563 13564 21136 13561 6612 13548 13555 13557 13558 13559 13562 6629 13549 13557 13558 13560 13565 13563 13556 13557 13559 13560 13566 21138 13564 13560 13565
17354 7796 17341 17349 17350 17352 17368 17355 7796 17348 17349 17351 17352 17396 17356 7801 10058 17360 17361 17362 17370 17357 7797 10059 16720 17288 17360 17361 17358 7797 16721 17360 17362 17371 19518 17359 7797 7801 17289 17361 17362 19519 17360 10062 16722 17356 17357 17358 17374 17361 7801 10063 17292 17356 17357 17359 17362 7801 17356 17358 17359 17375 19522 17363 7802 10058 17367 17368 17369 17370 17364 7798 10060 17350 17367 17368 17365 7798 10101
20633 20634 20636 20644 20639 6397 8664 20633 20635 20636 20645 20640 6401 12855 20633 20644 20645 20646 20641 6402 8668 12869 20636 20644 20645 20642 6402 6608 12858 12870 20644 20646 20643 6401 6402 6608 8668 20645 20646 20644 12860 12872 20638 20640 20641 20642 20645 6401 8668 20639 20640 20641 20643 20646 6401 6608 12861 20640 20642 20643 20647 6409 8657 20651 20652 20653 20654 20648 6408 8659 12876 20460 20651 20652 20649 886 6408 6409 20461
0.0333738 -0.235789 0.0331696 0.0331386 0.0515666 0.0516302 0.0330889 0.0331949 -0.235713 0.033111 0.0331036 0.0516302 0.0516647 0.0330859 0.0331179 -0.23569 0.0330882 0.0330867 0.0516647 0.0516794 0.0330813 0.0330902 -0.235685 0.033081 0.0330805 0.0516794 0.0516837 0.0330795 0.0330813 -0.235687 0.0330796 0.0330793 0.0516837 0.0516853 0.0330795 0.0330796 -0.184 0.0330785 0.0330789 0.0516853 0.0330785 0.0330788 -0.184076 0.0331195 0.0330879 0.0516619 0.0330774 0.0331294 -0.235846 0.033165 0.0330589 0.0516619 0.0517081 0.0330653 0.0331867 -0.23615 0.0332032 0.0330187 0.0517081 0.0519884 0.0330316 0.0332003 -0.264905 0.033535 0.0519884 0.0174234 0.0330909 0.033437 0.01096 0.010758 0.0109511 0.0107467 0.0173165 0.0173908 0.0173073 -0.109243 0.0174234 0.0160826 0.0167976
0.0330787 0.0330791 0.0516859 0.0516856 0.0330793 0.0330888 -0.235699 0.0330788 0.0330792 0.0516856 0.051686 0.0330794 0.0330906 -0.235552 0.0330783 0.0330787 0.051686 0.0515391 0.0330789 0.0330916 -0.226735 0.0328903 0.0328909 0.0515391 0.0436173 0.0328917 0.0329062 -0.259583 0.0447632 0.0447639 0.0436173 0.0368864 0.044765 0.0447868 -0.227321 0.0476013 0.0476019 0.0368864 0.0476025 0.0476286 -0.150913 0.0330782 0.033079 0.0516859 0.0330698 -0.202599 0.0330782 0.0330788 0.0516859 0.051686 0.0330702 -0.2026 0.0330786 0.0330789 0.051686 0.0516861 0.0330704 -0.2026 0.0330781 0.0330789 0.0516861 0.0516866 0.0330704 -0.202602 0.033078 0.0330791 0.0516866 0.0516865 0.0330714 -0.202603 0.033078 0.0330791 0.0516865 0.0516866 0.0330725 -0.202603 0.0330781 0.0330789 0.0516866
0.00908921 0.00778296 0.00519943 0.00968948 0.0139783 0.00721869 -0.0464775 0.0110336 0.00493516 0.00494187 0.00666731 0.00662228 0.0122773 -0.134677 0.0248389 0.0164418 0.0164537 0.00644541 0.00529292 0.00500982 0.00504895 0.00643915 0.00529417 0.00500842 0.00508673 0.0095035 0.00823561 0.00776433 0.00781404 -0.0491396 0.00516534 0.00785202 0.00844751 0.00735241 0.0124778 0.00784451 -0.0551838 0.00924217 0.0138878 0.00473485 0.00929034 0.0108101 0.00721849 -0.0468299 0.00520778 0.00739188 0.00809563 0.00741859 0.0108691 0.0078469 -0.052575 0.00710618 0.00940816 0.00676955 0.00677492 0.0125962 0.00991995 -0.124952 0.025676 0.0256503 0.0159555 0.0162767 0.00519492 0.00534098 0.00527745 0.00510236 0.00491466 0.00526328 0.00522647 0.0050733 -0.142323 0.025676 0.00877613 0.0158756 0.0163073 0.00514033 0.00533527 0.00760542 0.00531291
0.0123362 0.00669445 0.00789932 0.0125996 0.00795242 0.00705572 -0.119565 0.0166123 0.0162958 0.00498843 0.0253262 0.0254833 0.0158605 0.00499589 0.00499804 0.00500435 -0.12533 0.00494434 0.026342 0.0254833 0.0157259 0.0164534 0.00483983 0.00497411 0.00496365 0.0053886 0.00545335 0.00528815 0.00547387 -0.116195 0.0159906 0.0162085 0.0164615 0.0254908 0.0256326 0.0164114 -0.120043 0.0164136 0.025624 0.0256326 0.0164839 0.00489712 0.00510409 0.00491306 0.00512702 0.015848 -0.115901 0.0254491 0.0158605 0.0164114 0.0255883 0.0163456 0.0162457 -0.115913 0.0257461 0.0157259 0.0164839 0.0255883 0.0164103 0.0159586 -0.0509896 0.00494895 0.00708152 0.00760526 0.0117122 0.012178 0.00746361 -0.0591126 0.0138894 0.00957692 0.00677251 0.00730831 0.00900229 0.0125632 -0.0512859 0.00652519 0.0104959 0.00745735 0.00829692
0.00625315 -0.0167571 0.00636716 0.00671965 0.00367027 -0.0393234 0.004224 0.00569944 0.0113474 0.0112029 0.00684966 -0.0609079 0.0134045 0.00938274 0.0099448 0.0106266 0.0106901 0.00685915 -0.0614201 0.00879583 0.013375 0.00701467 0.015575 0.0101087 0.00655083 -0.0246321 0.00246223 0.004224 0.0099448 0.0080011 -0.0164676 0.00569944 0.00701467 0.00375347 -0.0626202 0.0113474 0.0106266 0.015575 0.0109053 0.00715932 0.00700659 -0.0466273 0.0112029 0.00740202 0.012775 0.00727456 0.00797287 -0.0489346 0.0068945 0.00752888 0.0132118 0.00811277 0.0131866 -0.0496847 0.011615 0.00501962 0.0070661 0.0106901 0.00769374 0.0076001 -0.0506108 0.00753559 0.00499208 0.00675955 0.0117129 0.007593 0.0120177 -0.0414018 0.00509307 0.0080011 0.00740202 0.0132118 0.00769374 -0.0592772 0.00671965 0.012775 0.00811277 0.00675955 0.00947309
0.00647231 0.00568265 0.00948893 0.00894846 0.0141705 -0.0520111 0.00502523 0.00800804 0.00866427 0.0143275 0.0089198 0.00706624 -0.0530532 0.00501164 0.00504884 0.0138187 0.00895851 0.00894846 0.0112671 -0.0517645 0.00797604 0.00503886 0.00864989 0.00885971 0.0141705 0.00706956 -0.0440649 0.0052224 0.00820706 0.00523253 0.00706624 0.0112671 0.00706956 -0.0570297 0.00448754 0.00733606 0.00770136 0.0134626 0.0172209 0.00682116 -0.055995 0.011228 0.0127821 0.00620092 0.00811306 0.0108603 0.00681059 -0.053692 0.009015 0.005043 0.0130582 0.0086017 0.00685526 0.0111189 -0.0588319 0.00501349 0.00810063 0.0103987 0.0172209 0.0108603 0.0072378 -0.0467146 0.00489791 0.005 0.0110035 0.00682116 0.00685526 0.0121368 -0.0463995 0.00827524 0.00517643 0.00715197 0.00681059 0.0111189 0.00786644 -0.0462687 0.00529648 0.0084686 0.00526255
