data/processor7/gnn/A_csr_10800_rank7.dat
nRows 23149
nCols 23149
[rows 0 to 13 of 14, columns 1817 to 1895 of 23149]
13833 13840 13845 13851 13858 13865 13872 13885 13901 13908 13918 13931 13944 13957 13964 13980 13993 14000 14007 14014 14021 14028 14035 14042 14049 14056 14063 14070 14076 14082 14089 14096 14103 14110 14117 14130 14143 14156 14169 14182 14195 14202 14209 14216 14223 14230 14237 14244 14251 14258 14265 14272 14279 14286 14291 14296 14302 14308 14314 14320 14326 14332 14338 14344 14350 14356 14362 14368 14374 14380 14386 14392 14398 14404 14410 14416 14422 14428 14434
135 236 238 255 405 17930 17931 17934 17935 17944 17946 17948 22813 22814 22815 238 136 237 8007 17943 17944 17946 239 5800 8032 8033 8035 17828 17943 240 5803 7941 8032 17951 17952 17953 241 5811 7948 8040 8041 242 5805 5829 7962 8049 8050 8051 243 5808 5834 8055 8056 17463 17464 17467 17615 17618 17619 17621 17863 19984 19985 19988 244 147 8026 8055 17957 17958 17960 245 148 246 268 410 17937 17938 17941
3307 3325 3327 3345 3669 3327 2980 3308 3326 3328 3346 3670 3328 2981 3309 3327 3329 3347 3671 3329 2982 3310 3328 3330 3348 3672 3330 2983 3311 3329 3331 3349 3673 3331 2984 3312 3330 3332 3350 3674 3332 2985 3313 3331 3333 3351 3675 3333 2986 3314 3332 3334 3352 3676 3334 2987 3315 3333 3353 3677 3335 2988 3316 3336 3354 3336 2989 3317 3335 3337 3355 3337 2990 3318 3336 3338 3356 3678 3338
18561 18563 20892 20894 20896 20898 6628 6418 6633 18571 20893 20894 20895 6629 1263 6615 6631 13558 13560 13562 13600 13602 13604 13606 18554 18557 18560 18562 18563 6630 9038 13601 13602 13603 6631 6627 6629 6632 9039 18556 18574 6632 6631 6634 9040 13600 13603 13605 13606 13615 13616 13618 18575 20892 20895 20897 20898 6633 1074 6420 6628 13607 13608 13609 6634 6632 6646 6865 13615 13616 13617 6635 6422 6638 6660 13623 13624 13625 6636
22657 22658 22659 23051 9572 9568 9570 9573 19127 23029 23052 9573 7307 9569 9571 9572 19128 23053 9574 9577 9578 9579 15882 17552 21764 9575 1758 9577 9579 15056 17553 22654 9576 1758 9578 9579 15822 21765 22655 9577 9574 9575 17556 9578 9574 9576 15824 15883 21768 9579 9574 9575 9576 17557 21769 22658 9580 9581 15937 15943 15949 9581 9580 15941 15953 9582 1760 7083 7298 9584 9586 19117 19120 19121 19123 21451 21452 21455 9583
13205 13206 13208 13223 13211 6506 8775 13205 13207 13208 13224 13212 6509 8762 13216 13217 13218 13219 13213 6507 8765 13199 13216 13217 13214 6507 8915 13216 13218 13221 13215 6507 6509 8916 13201 13217 13218 13216 8767 13212 13213 13214 13223 13217 6509 8768 13203 13212 13213 13215 13218 6509 8918 13212 13214 13215 13225 13219 6510 13205 13212 13223 13224 13225 13220 6508 13208 13223 13224 13234 13221 6508 13214 13223 13225 13903 13222 6508 6510
2430 17025 17027 17028 17038 17045 17032 17025 17036 17037 17038 17046 17033 7645 17036 17037 17060 17034 7645 10135 16873 17027 17036 17038 17035 7645 10135 17037 17038 17048 17062 17036 17029 17032 17033 17034 17037 17032 17033 17035 17050 17064 17038 10135 17031 17032 17034 17035 17052 17039 17019 17025 17043 17044 17045 17046 17040 7646 7681 17020 17043 17044 22199 17041 7646 10136 17028 17043 17045 22200 17042 7646 7681 10136 17044 17045 17049 17043 17021
20328 20331 6106 11730 12358 20325 20327 20328 20332 6132 8318 20336 20337 20338 20339 20333 6001 6131 8320 11832 20336 20337 20334 606 6001 6131 6132 20336 20338 20335 606 6131 11834 20337 20338 20340 20336 6001 6132 8321 20332 20333 20334 20337 8323 11836 20332 20333 20335 20343 20338 606 6132 20332 20334 20335 20344 20339 6135 11859 20332 20343 20344 20345 20340 6134 11846 18247 20335 20343 20344 20341 6134 11847 11860 12441 20343 20345 20342
0.051824 0.0329056 0.0111403 0.0107644 0.01075 0.0107423 0.0107266 0.0109591 0.0110861 0.0108857 -0.256318 0.0331325 0.051824 0.0519292 0.0328648 0.0109676 0.0107281 0.0107179 0.0106902 0.0106861 0.0109716 0.0108999 0.010906 -0.256547 0.033135 0.0519292 0.0519804 0.0328557 0.0109763 0.0107312 0.0107315 0.0106929 0.0107013 0.010975 0.0109171 0.0109213 -0.256667 0.0331471 0.0519804 0.0519828 0.0328645 0.0109775 0.0107365 0.010739 0.0107066 0.0107017 0.0109787 0.0109264 0.0109255 -0.256687 0.0331726 0.0519828 0.051925 0.032889 0.0109819 0.010735 0.0107501 0.0107062 0.0107144 0.0109812 0.0109255 0.0109232 -0.256345 0.033156 0.051925 0.0517894 0.0329428 0.0109769 0.0107809 0.0107981 0.0107585 0.0107772 0.010783 0.0109185 0.0107384 -0.245605 0.0331449 0.0517894 0.0517679
0.0516849 0.0516853 0.033079 0.0330788 -0.235537 0.0330785 0.0330783 0.0516853 0.0515381 0.0330785 0.0330783 -0.226716 0.0328898 0.0328899 0.0515381 0.0436162 0.0328908 0.0328908 -0.259556 0.0447628 0.0447629 0.0436162 0.0368858 0.0447639 0.0447639 -0.227293 0.0476017 0.0476016 0.0368858 0.047602 0.0476018 -0.150921 0.0330783 0.0330787 0.0516852 0.0330788 -0.202607 0.0330788 0.0330793 0.0516852 0.0516855 0.0330787 -0.235687 0.0330783 0.0330792 0.0516855 0.0516871 0.0330786 0.0330782 -0.235689 0.0330779 0.0330791 0.0516871 0.0516873 0.0330789 0.0330782 -0.23569 0.033077 0.0330792 0.0516873 0.0516892 0.0330786 0.0330786 -0.235692 0.033077 0.0330795 0.0516892 0.0516891 0.0330788 0.0330781 -0.235691 0.0330764 0.0330794 0.0516891 0.0516896 0.0330789 0.033078 -0.235691 0.0330763
0.00540653 0.0243548 0.0168874 0.00747998 0.00531661 0.00502697 0.00526078 0.00529154 0.00720216 0.00780219 0.00742934 0.0167848 0.00532801 0.00539482 0.0053689 -0.115714 0.0166079 0.0165744 0.0245751 0.0165724 0.0247988 0.0165851 -0.12693 0.0168874 0.0245751 0.007771 0.016722 0.00778953 0.00773805 0.00755305 0.0166917 0.00534594 0.00519305 0.00534266 0.00532036 -0.053951 0.00947134 0.00716637 0.0110042 0.00697521 0.0099353 0.00939865 -0.05961 0.00742771 0.010902 0.00747998 0.0105511 0.0160031 0.00724615 -0.0474635 0.007771 0.00785157 0.00531708 0.0079352 0.00787956 0.0107091 -0.0179298 0.0104684 0.00271857 0.00474278 -0.0543622 0.00731342 0.0110062 0.00929078 0.00717192 0.0100255 0.00955436 -0.0584791 0.0106478 0.0074074 0.00724569 0.0103033 0.0157261 0.00714878 -0.0473768 0.0077868 0.00782721 0.00533116 0.00782766
0.00748076 0.0118266 -0.0596245 0.0144827 0.00874656 0.00689915 0.00982223 0.0086098 0.011064 -0.044537 0.00625135 0.0145592 0.00729779 0.0100917 0.00633696 -0.0491666 0.0073314 0.00509721 0.0116875 0.00728428 0.00717208 0.0105941 -0.0599049 0.00686141 0.00874656 0.0145592 0.00974779 0.00883358 0.0111564 -0.0500996 0.00505769 0.00738103 0.00689915 0.0116875 0.00729742 0.0117768 -0.0494365 0.00509154 0.0117314 0.00729779 0.00728428 0.0106414 0.0073901 -0.107295 0.025564 0.0172118 0.0156662 0.0163847 0.0164472 0.0160211 -0.127631 0.0164919 0.016896 0.00510696 0.00816054 0.0253952 0.0159363 0.00506964 0.00512694 0.00508003 0.00805491 0.00818919 0.0081236 -0.107548 0.0171248 0.0159496 0.0164472 0.0253952 0.0160628 0.016569 -0.110233 0.0159253 0.0107511 0.0254725 0.0162622 0.0254646 0.0163571 -0.102117 0.0170936
0.0103607 0.00679916 0.0107188 -0.0575731 0.00871369 0.00880682 0.00965055 0.0101915 0.0101339 0.0100766 -0.0413562 0.00642245 0.00647798 0.00866495 0.00875006 0.0110407 -0.044667 0.00795549 0.00871369 0.00866495 0.00895382 0.010379 -0.0446701 0.00786206 0.00880682 0.00875006 0.00881629 0.0104349 -0.0172823 0.00965055 0.00382445 0.00380731 -0.0588497 0.00742823 0.0101915 0.0105786 0.0161794 0.00718936 0.00728273 -0.0257481 0.0055099 0.00238912 0.013612 0.00423706 -0.0487923 0.00775378 0.0114782 0.00712411 0.00698628 0.00776493 0.00768503 -0.0432095 0.00731314 0.00772202 0.0108388 0.00853668 0.00879892 -0.0567964 0.00738497 0.00928071 0.00895382 0.0105786 0.013612 0.00698628 -0.038929 0.00382445 0.0161794 0.00423706 0.00772202 0.00696614 -0.0493197 0.00773142 0.00718936 0.00776493 0.0108388 0.00791037 0.00788486 -0.0585542 0.00742105
-0.0613152 0.0109997 0.0101728 0.0133792 0.00711744 0.0101021 0.00954394 -0.0509851 0.00502858 0.00759762 0.0115844 0.00747674 0.00754516 0.0117526 -0.0516575 0.00503833 0.012141 0.00785282 0.00718237 0.0115249 0.00791799 -0.0517413 0.00479687 0.012053 0.00682358 0.0079986 0.0121802 0.00788896 -0.0500732 0.0123043 0.0143389 0.00814814 0.00839688 0.00688503 -0.0475574 0.00711703 0.0111473 0.0138137 0.00688797 0.00859141 -0.0521501 0.00702498 0.00466763 0.0123047 0.00795133 0.0122931 0.00790834 -0.0511087 0.0134232 0.00682358 0.00839688 0.0138137 0.0086513 -0.0520346 0.0047732 0.0119961 0.00808861 0.0079986 0.00688503 0.0122931 -0.051943 0.00471706 0.0123371 0.0121802 0.00688797 0.00790834 0.0079123 -0.0507404 0.00500258 0.00776403 0.00708124 0.0115163 0.00747503 0.0119012 -0.0517455 0.00731043 0.00719327 0.00777286 0.0104182
