data/processor7/gnn/A_csr_11000_rank7.dat
nRows 23149
nCols 23149
[rows 0 to 13 of 14, columns 15089 to 15167 of 23149]
105715 105722 105729 105733 105740 105747 105754 105761 105768 105775 105779 105786 105793 105797 105801 105806 105813 105820 105827 105834 105841 105845 105852 105859 105863 105867 105872 105879 105883 105887 105894 105901 105908 105912 105916 105920 105925 105929 105933 105938 105945 105952 105959 105963 105967 105971 105975 105979 105983 105990 105994 105998 106003 106010 106017 106024 106031 106038 106042 106049 106056 106060 106064 106069 106076 106083 106090 106097 106104 106108 106115 106122 106128 106132 106136 106143 106149 106156 106163
2309 23012 23013 23014 23015 23038 23040 23042 1975 1954 1974 9480 23037 23038 23040 1976 7210 9692 9693 9695 19244 23037 1977 7214 7411 9665 9692 15531 15532 15535 21967 21968 21971 21972 21974 21975 21978 21979 1978 7217 7408 9672 9700 9701 9702 1979 7381 7415 9707 9708 1980 7433 9679 9722 9723 9724 1981 7219 7438 9686 19279 19280 19281 1982 7224 7444 9728 9729 9731 19272 21675 21676 21679 1983 1965 9494 9728 23044 23045
5478 5325 5171 5311 5324 5326 5339 5479 5326 5172 5312 5325 5327 5340 5480 5327 5173 5313 5326 5328 5341 5481 5328 5174 5314 5327 5329 5342 5482 5329 5175 5315 5328 5330 5343 5483 5330 5176 5316 5329 5331 5344 5484 5331 5177 5317 5330 5332 5345 5485 5332 5178 5318 5331 5333 5346 5486 5333 5179 5319 5332 5334 5347 5487 5334 5180 5320 5333 5348 5488 5335 5181 5321 5336 5489 5336 5182 5322 5335
20190 8252 472 8246 8248 8250 8253 8332 8253 472 8249 8251 8252 8333 18095 8254 511 512 8256 8258 18038 18106 18113 18114 18117 8255 510 511 518 8256 8259 18039 8256 6009 8254 8255 8260 8261 18040 20207 20209 20211 8257 510 511 674 8258 8259 18109 8258 6011 8254 8257 8260 8361 11402 11404 11406 18110 8259 510 8255 8257 8260 8264 8362 8260 6012 8256 8258 8259 8265 8363 11413 11414 11416 8261 518 519
11630 11625 11626 11628 20301 11631 8289 11634 11635 11636 20269 20276 11632 8444 11634 11636 20271 11633 8445 11635 11636 20278 11634 8294 11573 11631 11632 20273 11635 8295 11631 11633 20280 11636 8446 11631 11632 11633 20275 20282 11637 567 6075 11641 11642 11643 11644 11638 567 6073 11608 11641 11642 22521 11639 6073 6075 8296 11641 11643 22522 11640 6073 11642 11643 11641 567 6075 11637 11638 11639 22525 11642 567 11609 11637 11638 11640 11647
15418 7189 9459 15401 15421 15422 21548 15419 1958 7189 15421 15423 15425 21550 15420 1958 7189 15403 15422 15423 15429 15421 15417 15418 15419 15427 21552 15422 15405 15417 15418 15420 15423 1958 15417 15419 15420 15428 15430 15424 7190 15427 15433 21555 15425 7190 15419 15427 15428 21557 21947 15426 7190 15428 15431 15435 21948 15427 15421 15424 15425 21559 15428 15423 15425 15426 15432 21950 15429 15414 15420 15430 16122 15430 15423 15429 15432 16125 15431
14575 15321 18938 18940 18937 1542 9408 15255 15322 18939 18940 18938 9406 14578 18935 18936 18941 22621 18939 9408 15256 18935 18937 18941 22622 18940 9406 9408 15325 18936 18937 18941 18941 9406 9408 18938 18939 18940 22623 18942 1544 1545 9109 9358 18944 18946 18943 1544 1570 9110 9414 18944 18947 18944 1545 1570 9111 18942 18943 18948 18945 1544 1829 9361 9416 18946 18947 18946 1545 1829 9362 18942 18945 18948 18947 1570 1829 9418 18943
22237 22238 22235 2096 7665 7666 15927 22237 22239 22236 2096 7665 7669 17128 22238 22239 22237 7666 9852 15929 22233 22234 22235 22238 7669 9854 17130 22233 22234 22236 22239 2096 7666 7669 22233 22235 22236 22240 7672 7677 17139 22244 22245 22246 22241 7673 16011 17141 22244 22245 22248 22242 7672 7673 16012 19376 22244 22246 22243 7673 7677 19376 22245 22246 22250 22244 7672 16014 17143 22240 22241 22242 22245 7677 17145 22240 22241 22243 22252
0.0330882 0.0330775 0.0516913 0.051701 0.0330812 -0.20267 0.0330944 0.0330711 0.051701 0.0517211 0.0330825 -0.202695 0.0330965 0.0330593 0.0517211 0.0517359 0.0330825 -0.202729 0.0331007 0.033049 0.0517359 0.0517598 0.0330835 -0.202743 0.0330965 0.0330421 0.0517598 0.0517633 0.0330812 -0.202734 0.0330888 0.0330509 0.0517633 0.0517513 0.0330796 -0.202732 0.0330884 0.0330502 0.0517513 0.051763 0.0330794 -0.202741 0.033096 0.0330418 0.051763 0.051759 0.0330812 -0.202728 0.0331004 0.0330496 0.051759 0.0517354 0.0330834 -0.202695 0.0330963 0.0330597 0.0517354 0.0517212 0.0330826 -0.20267 0.0330944 0.0330714 0.0517212 0.0517005 0.0330827 -0.202639 0.0330886 0.0330779 0.0517005 0.0516908 0.0330815 -0.202621 0.0330834 0.0330791 0.0516908 0.051687 0.0330806 -0.202612 0.0330815
0.00245554 0.447521 0.699247 0.699253 0.44752 -2.29599 0.0024555 0.447514 0.699253 0.699252 0.447513 -1.59675 0.00245554 0.447521 0.699252 0.44752 -1.59674 0.0024555 0.447515 0.699249 0.447516 -2.29599 0.00245552 0.447518 0.699249 0.699247 0.447519 -2.29599 0.00245552 0.447518 0.699247 0.699249 0.447519 -2.29598 0.0024555 0.447515 0.699249 0.699248 0.447516 -2.29599 0.00245553 0.44752 0.699248 0.699244 0.447521 -2.29599 0.00245553 0.44752 0.699244 0.699249 0.447521 -2.29598 0.00245549 0.447513 0.699249 0.699249 0.447514 -2.29599 0.00245553 0.44752 0.699249 0.699244 0.447521 -2.29599 0.00245553 0.44752 0.699244 0.699249 0.447521 -2.29598 0.00245549 0.447513 0.699249 0.699249 0.447514 -2.29599 0.00245553 0.44752 0.699249
0.0107578 0.0253353 0.0159545 0.0255005 0.0162561 0.0163734 -0.109104 0.017469 0.0167831 0.016722 0.015921 0.0259117 0.0162975 -0.128347 0.00497455 0.00829939 0.0167018 0.0259117 0.0159376 0.0164116 0.0050165 0.00508887 0.0051104 0.00834493 0.00826585 0.00828371 -0.103303 0.0172872 0.0109519 0.0166115 0.0162975 0.0255424 0.0166121 -0.109904 0.0107465 0.025258 0.0162561 0.0159376 0.0255424 0.0161633 -0.0452953 0.00730144 0.0140576 0.00988194 0.0066842 0.00737015 -0.0602252 0.00923612 0.0134039 0.00943962 0.0103817 0.0106719 0.00709194 -0.0272823 0.0034595 0.0101524 0.0104468 0.00322361 -0.0478764 0.00730144 0.0134039 0.00771127 0.0124407 0.00701905 -0.0603714 0.0140576 0.00943962 0.0101524 0.0105696 0.00898227 0.00716986 -0.0272749 0.00394271 0.00994526 0.00998417 0.00340272 -0.0159608 0.00617173 0.00267141
0.0120803 -0.0508894 0.00499836 0.0118017 0.00754195 0.0117114 0.00739405 0.00744202 -0.0518997 0.00644817 0.00813318 0.0111687 0.00745559 0.0113507 0.00734342 -0.0611613 0.0147364 0.0107345 0.0132341 0.00645731 0.00704274 0.00895627 -0.0513188 0.0069814 0.0049863 0.00739556 0.0120539 0.0121521 0.00774951 -0.0514403 0.0085186 0.0105248 0.00754195 0.0111687 0.00645731 0.00722896 -0.0508558 0.00500605 0.0117114 0.00745559 0.00739556 0.0117997 0.00748751 -0.0511952 0.00496952 0.0120803 0.00739405 0.00704274 0.0120539 0.00765467 -0.0510189 0.00500133 0.00724508 0.0117474 0.00752644 0.00754386 0.0119548 -0.0521675 0.00675021 0.00775115 0.0113507 0.0114891 0.00737208 0.00745425 -0.051908 0.0106647 0.0069034 0.00802933 0.00738402 0.00741934 0.0115072 -0.0512933 0.00710389 0.00503013 0.00777499 0.0121521 0.00746711 0.0117651 -0.0527686
0.00966988 0.005552 0.013687 0.00519734 -0.0486257 0.00494044 0.0111397 0.00654633 0.00667513 0.0120443 0.00727982 -0.0473999 0.00807688 0.00505425 0.0115899 0.00699398 0.00767647 0.00800847 -0.0481034 0.00626889 0.014347 0.0061893 0.0149802 0.00631796 -0.0264049 0.00274833 0.00288781 0.0121604 0.00860834 -0.02943 0.00365891 0.014347 0.00288781 0.00853627 -0.0462167 0.00569227 0.0061893 0.0121604 0.0158877 0.00628697 -0.0598747 0.00458943 0.0104033 0.0149802 0.00895778 0.0112668 0.00967709 -0.0561403 0.00865047 0.00765018 0.00934106 0.00955216 0.0138334 0.00711306 -0.0318971 0.0132128 0.00457297 0.00947622 0.00463509 -0.0469622 0.00708471 0.00498564 0.00796782 0.00781515 0.0111039 0.00800508 -0.0325615 0.00519734 0.00895778 0.0138334 0.00457297 -0.0472455 0.00501525 0.00802672 0.00800847 0.0112668 0.00711306 0.00781515 -0.0600916
0.0257533 -0.105015 0.0107853 0.0108478 0.0255935 0.0161866 0.0160153 0.0255869 -0.104952 0.0107794 0.0108299 0.0161428 0.0160298 0.0255869 0.0255831 -0.123937 0.0256098 0.0253641 0.00491776 0.00528023 0.0162299 0.0158504 0.00494262 0.00503249 0.00504637 0.00527938 0.00519294 0.00519122 -0.110655 0.0160982 0.0108052 0.0162264 0.0257865 0.0256501 0.0160887 -0.110462 0.0108252 0.0161347 0.0162299 0.0256501 0.0160546 0.0255677 -0.110099 0.0159524 0.0108345 0.0160972 0.0257533 0.0253506 0.0161114 -0.109517 0.0108044 0.0161448 0.0158504 0.0253506 0.0161785 0.0251883 -0.104838 0.0108181 0.0108323 0.0255831 0.0160887 0.0161114 0.0254045 -0.104666 0.0108252 0.0108217 0.0160546 0.0161785 0.0254045 0.0253809 -0.124652 0.0256409 0.0261728 0.00503625 0.00515814 0.0161021 0.0159569 0.00495647 0.0051149
