data/processor7/gnn/A_csr_10400_rank7.dat
nRows 23149
nCols 23149
[rows 0 to 13 of 14, columns 15010 to 15088 of 23149]
105259 105266 105271 105275 105280 105284 105289 105294 105301 105306 105311 105316 105320 105324 105331 105338 105345 105352 105357 105364 105371 105375 105382 105389 105396 105403 105410 105417 105424 105431 105438 105442 105449 105456 105460 105464 105468 105475 105480 105487 105493 105497 105504 105511 105518 105525 105532 105536 105543 105550 105554 105558 105563 105567 105571 105575 105579 105584 105590 105597 105601 105608 105612 105616 105620 105627 105634 105641 105648 105655 105659 105666 105673 105678 105685 105690 105694 105701 105708
9473 9685 19271 19272 19274 1965 1944 1966 1983 2301 19078 19079 19080 19081 19271 19273 19275 19277 23044 23047 23048 1966 1679 1945 1965 1967 1984 2302 1967 1680 1946 1966 1968 1985 2303 1968 1681 1947 1967 1969 1986 2304 1969 1682 1948 1968 1970 1987 2305 1970 1683 1949 1969 1971 1988 2306 1971 1684 1950 1970 1989 2307 1972 1685 1951 1973 1990 1973 1686 1952 1972 1974 1991 2308 1974 1953 1973 1975 1992
5299 5312 5314 5327 5467 5314 5160 5300 5313 5315 5328 5468 5315 5161 5301 5314 5316 5329 5469 5316 5162 5302 5315 5317 5330 5470 5317 5163 5303 5316 5318 5331 5471 5318 5164 5304 5317 5319 5332 5472 5319 5165 5305 5318 5320 5333 5473 5320 5166 5306 5319 5334 5474 5321 5167 5307 5322 5335 5475 5322 5168 5308 5321 5323 5336 5476 5323 5169 5309 5322 5324 5337 5477 5324 5170 5310 5323 5325 5338
8248 18026 8243 448 604 5988 8237 8244 8245 11327 11329 11331 18238 18239 18241 8244 5989 6164 8240 8243 8246 8250 11334 11336 11338 8245 471 6165 8239 8241 8243 8246 8246 471 6166 8242 8244 8245 8252 8247 449 450 5992 8249 8251 22796 8248 449 472 8242 8249 8252 22797 8249 472 8247 8248 8253 18091 22798 8250 449 605 5994 8244 8251 8252 11358 11360 11362 8251 5995 8247 8250 8253 8331 18093 20186 20188
11616 8295 11615 11624 11617 8300 11135 11618 11621 11618 8304 11617 11625 11619 11623 11624 11625 11620 6065 6068 11615 11623 11624 20096 11621 6065 6089 11617 11623 11625 20097 11622 6065 6068 6089 11624 11625 11626 11623 11619 11620 11621 20100 11624 6068 11616 11619 11620 11622 11629 11625 6089 11618 11619 11621 11622 11630 11626 6066 11622 11629 11630 20277 20298 11627 6066 11629 12231 20278 11628 6066 11630 12232 20299 11629 11624 11626 11627 20280
9432 15399 15400 15401 15402 21635 15405 15400 15401 15403 15422 15406 9671 15400 15402 15403 15416 21637 15407 15411 15412 15413 21631 15408 7187 15391 15411 15409 7187 15392 15411 15412 21634 22667 15410 7187 15412 15415 15546 22668 15411 15394 15407 15408 15409 21636 15412 15407 15409 15410 15416 21637 22670 15413 15400 15407 15416 15414 7188 15403 15416 15429 22674 15415 7188 15410 15416 22675 15416 15406 15412 15413 15414 15415 22677 15417 15421 15422 15423
1820 9346 9366 18921 18924 18927 18926 1534 1561 1820 18922 18924 18927 18927 1561 1820 9368 18923 18925 18926 18928 1537 14429 15176 18931 18932 22611 18929 1537 9363 9371 14430 18931 18934 18930 1537 9363 9373 15177 18932 18934 18931 9371 14433 18928 18929 18933 22614 18932 9373 15179 18928 18930 18933 22615 18933 9371 9373 18931 18932 18934 22617 18934 9363 9371 9373 18929 18930 18933 18935 1542 14574 15254 18938 18939 22618 18936 1542 9406
17136 22219 22220 22221 22224 7663 7667 17117 22219 22220 22222 22225 7663 10156 17138 22219 22221 22222 22226 7666 7668 9848 22230 22231 22232 22227 7664 9849 15921 16952 22230 22231 22228 2070 7664 7666 15922 22230 22232 22229 2070 7664 7668 16953 22231 22232 22230 7666 9852 15924 22226 22227 22228 22231 7668 9853 16956 22226 22227 22229 22232 2070 7666 7668 22226 22228 22229 22233 7666 7669 9848 22237 22238 22239 22234 7665 9850 15926 17126
0.0330806 -0.235691 0.0330817 0.0330803 0.0516851 0.0516852 0.0330794 0.0330797 -0.235687 0.0330797 0.0330793 0.0516852 0.0516855 0.0330788 0.0330789 -0.235685 0.0330789 0.033079 0.0516855 0.051685 0.0330784 0.0330786 -0.235685 0.0330788 0.0330789 0.051685 0.0516849 0.0330788 0.033079 -0.235686 0.0330788 0.033079 0.0516849 0.0516853 0.0330788 0.033079 -0.235532 0.0330783 0.0330785 0.0516853 0.0515333 0.0330783 0.0330785 -0.226689 0.0328888 0.0328915 0.0515333 0.0436084 0.0328836 0.0328836 -0.259526 0.0447613 0.0447645 0.0436084 0.0368816 0.0447552 0.0447552 -0.179682 0.0476003 0.0476013 0.0368816 0.0475989 -0.117845 0.03308 0.0330794 0.0516858 -0.202613 0.0330812 0.0330795 0.0516858 0.0516867 0.0330795 -0.202621 0.0330836 0.0330789 0.0516867 0.0516913 0.0330801 -0.202639
0.699247 0.447521 -2.29598 0.00245548 0.447516 0.699247 0.699247 0.447514 -1.59675 0.00245552 0.447522 0.699247 0.447521 -1.59674 0.00245552 0.447516 0.699253 0.447515 -2.296 0.00245553 0.447519 0.699253 0.69925 0.447518 -2.296 0.00245553 0.447519 0.69925 0.699253 0.447518 -2.29599 0.00245551 0.447516 0.699253 0.699251 0.447515 -2.29599 0.00245554 0.447521 0.699251 0.699247 0.44752 -2.296 0.00245554 0.447521 0.699247 0.699253 0.44752 -2.29599 0.0024555 0.447514 0.699253 0.699252 0.447513 -2.296 0.00245554 0.447521 0.699252 0.699247 0.44752 -2.296 0.00245554 0.447521 0.699247 0.699253 0.44752 -2.29599 0.0024555 0.447514 0.699253 0.699252 0.447513 -2.296 0.00245554 0.447521 0.699252 0.699247 0.44752 -2.296
0.0041348 0.00380417 0.00919802 -0.10826 0.0251208 0.0167549 0.0166279 0.0162803 0.0168813 0.0165947 -0.111057 0.0161448 0.0107757 0.0256793 0.0252859 0.0166969 0.0164739 -0.102507 0.0168844 0.0108826 0.0162803 0.0252859 0.0166229 0.0165512 -0.126636 0.0170677 0.0169299 0.0048804 0.00757312 0.0250366 0.0161692 0.00491692 0.00516432 0.00520814 0.00765347 0.00800009 0.00803653 -0.108573 0.0167262 0.0167134 0.0168813 0.0250366 0.016284 0.0169315 -0.111505 0.0107465 0.0258744 0.0166969 0.0161692 0.0252546 0.0167635 -0.102658 0.0168667 0.010882 0.0166229 0.016284 0.0252546 0.0167475 -0.129014 0.0257357 0.00840794 0.00505855 0.0159544 0.0167007 0.0169407 0.00833213 0.00828898 0.00825878 0.00518817 0.00500688 0.00514069 -0.103381 0.0172771 0.0163315 0.0109601 0.0255 0.0166102 0.0167023 -0.110179
0.00959122 0.00677818 0.00891378 -0.0517927 0.00671878 0.00483692 0.00775027 0.0122115 0.012496 0.00777919 -0.0620078 0.0124114 0.0104358 0.00709827 0.0157397 0.00959122 0.00673136 -0.051462 0.00491182 0.0121311 0.00693768 0.00775027 0.0122584 0.00747275 -0.0511691 0.00488721 0.0120375 0.00758437 0.00677818 0.0122115 0.00767026 -0.0510682 0.00494987 0.00712988 0.0121269 0.0076063 0.011801 0.00745432 -0.0634588 0.00859237 0.00999871 0.0157471 0.015624 0.00692319 0.00657346 -0.0586553 0.0125927 0.00905444 0.00732899 0.0096078 0.00683806 0.0132334 -0.0519039 0.00673868 0.00484927 0.007848 0.012496 0.00772467 0.0122472 -0.0620524 0.0124372 0.00712988 0.015624 0.0096078 0.010524 0.00672943 -0.0514186 0.00491815 0.0122584 0.0121269 0.00692319 0.00772467 0.00746739 -0.0514038 0.00490666 0.00772596 0.0076063 0.00683806 0.0122472
0.00479831 0.0105278 0.00439701 0.0120755 -0.0466097 0.0113204 0.00695456 0.0152359 0.00646299 0.00663585 -0.0268088 0.00312866 0.0108779 0.00307729 0.00972502 -0.0270264 0.00324582 0.00312866 0.0110615 0.00959036 -0.0311895 0.0104337 0.00428315 0.0122094 0.00426328 -0.0623532 0.00933374 0.00959973 0.0105774 0.0152731 0.0106246 0.00694468 -0.0451383 0.0151253 0.0108779 0.00628461 0.00602442 0.00682609 -0.0313775 0.00439701 0.00428315 0.0105774 0.0121199 -0.045848 0.00646299 0.0110615 0.0152731 0.00628461 0.0067658 -0.0596758 0.00471663 0.0167435 0.00967087 0.0065476 0.0115928 0.0104044 -0.055205 0.0165186 0.0134902 0.00555476 0.00555246 0.00667629 0.00741273 -0.0572172 0.00773672 0.0104278 0.00881678 0.0136878 0.00699542 0.00955264 -0.0473992 0.00805625 0.00699823 0.00505174 0.0120489 0.00767983 0.00756427 -0.0452277 0.0111191
0.0109745 0.0165616 0.0260198 0.0166458 -0.1111 0.0107726 0.0163377 0.0159963 0.0260198 0.0161806 0.025793 -0.104354 0.0175971 0.0167159 0.0110594 0.0163604 0.026111 0.0165104 -0.11118 0.0108628 0.0160928 0.0162384 0.026111 0.0160397 0.0258354 -0.0985399 0.0175112 0.0109973 0.0110564 0.0166458 0.0165104 0.0258188 -0.105252 0.0107798 0.0108409 0.0161806 0.0160397 0.0258188 0.0255917 -0.125525 0.026417 0.0260879 0.00509216 0.00501461 0.0159097 0.0161356 0.00535279 0.00513197 0.00535831 0.00498356 0.00501536 0.0050261 -0.11068 0.0158477 0.0107596 0.0163038 0.025793 0.0257904 0.0161852 -0.110674 0.0107603 0.0162892 0.0159097 0.0257904 0.0161411 0.0257837 -0.111042 0.0162822 0.0108529 0.0160502 0.0258354 0.0260067 0.0160145 -0.110787 0.0108204 0.0160439 0.0161356 0.0260067 0.0160286
