data/processor7/gnn/A_csr_10400_rank7.dat
nRows 23149
nCols 23149
[rows 0 to 13 of 14, columns 5925 to 6003 of 23149]
42419 42426 42442 42449 42453 42460 42476 42483 42487 42494 42498 42505 42512 42519 42526 42542 42546 42550 42557 42561 42577 42584 42588 42595 42602 42609 42616 42622 42628 42634 42641 42648 42654 42661 42668 42684 42688 42695 42702 42709 42716 42726 42733 42739 42749 42765 42771 42784 42800 42804 42811 42818 42825 42832 42839 42846 42853 42860 42867 42874 42881 42888 42895 42902 42907 42914 42921 42928 42935 42942 42958 42971 42975 42982 42989 43005 43015 43022 43028
782 6300 22844 22855 22856 22858 784 6307 18261 18349 18350 18352 22855 785 6314 18268 18349 18356 18357 18359 786 6321 18275 18356 18363 18364 18366 787 6328 18282 18363 18370 18371 18373 788 6335 18370 22851 22862 22863 22865 789 629 790 806 956 8547 8548 8551 8552 22862 22864 22866 22868 790 630 789 791 807 957 18343 18344 18347 18348 791 631 768 790 792 808 958 792 632 769 791 793 809 959 793
4237 3942 3646 3925 3941 3943 3959 4238 3943 3647 3926 3942 3944 3960 4239 3944 3648 3927 3943 3945 3961 4240 3945 3649 3928 3944 3946 3962 4241 3946 3650 3929 3945 3947 3963 4242 3947 3651 3930 3946 3948 3964 4243 3948 3652 3931 3947 3949 3965 4244 3949 3653 3932 3948 3950 3966 4245 3950 3654 3933 3949 3951 3967 4246 3951 3655 3934 3950 3952 3968 4247 3952 3656 3935 3951 3953 3969 4248 3953
7130 1564 6915 7131 7134 9372 9377 9379 9381 9383 21234 21235 21238 7131 6916 7130 7135 7137 15298 15300 15302 15304 18949 21241 21242 21245 7132 1823 7109 7134 9374 9377 9380 9382 9383 15205 15207 15209 21498 21500 21502 21504 7133 7110 7139 19166 21499 21500 21501 7134 7130 7132 7135 9376 18952 19167 7135 7131 7134 7141 18953 19168 21498 21501 21503 21504 7136 1540 15306 15307 15308 7137 1565 6919 7131 7138 7141 9384 9386
10111 10112 10119 10160 23144 10114 2408 2409 7616 10067 10116 10118 10115 2408 2434 7617 10109 10116 10119 22165 22166 22169 10116 7618 10114 10115 10120 19552 19565 10117 2408 2768 10070 10111 10118 10119 10118 2768 10071 10114 10117 10120 19554 10119 2768 10113 10115 10117 10120 19568 10120 2768 10116 10118 10119 19556 19569 10121 2428 2429 7636 10081 10123 10125 16991 16992 16995 10122 2428 2454 7637 10123 10126 19560 10123 7638 10121 10122 10127
13879 13880 20964 13878 13875 13876 13885 13879 8892 13852 13875 13877 20966 13880 9102 13875 13876 13877 13887 20968 13881 6708 13868 13875 13885 13886 13887 13882 6706 13685 13871 13885 13886 20970 13883 6706 13876 13885 13887 21268 13884 6706 6708 13886 13887 20972 21269 13885 13873 13878 13881 13882 13883 13886 6708 13874 13881 13882 13884 20974 13887 6708 13880 13881 13883 13884 21271 13888 6718 13892 13893 13894 18620 20976 13889 6716 13179 13778 13892
17642 9194 9195 9200 17639 17640 17641 17643 1412 9214 13967 14749 17646 17647 17644 9214 9215 9235 13968 17646 17648 17645 9214 9218 9236 14750 17647 17648 17646 1412 9215 13969 17643 17644 17649 17647 1412 9218 14751 17643 17645 17649 17648 9215 9218 9237 17644 17645 17649 17649 1412 9215 9218 17646 17647 17648 17650 1497 9322 14297 15041 17653 17654 17651 9322 9324 9330 14298 17653 17655 17652 9322 9326 9331 15042 17654 17655 17653 1497
20924 20925 20926 20921 6660 8876 13026 13624 20924 20925 20922 1075 6660 6662 13027 20924 20926 20923 1075 6660 6664 13625 20925 20926 20924 6662 8878 13030 20920 20921 20922 20925 6664 8879 13627 20920 20921 20923 20926 1075 6662 6664 20920 20922 20923 20927 6662 6665 8875 20931 20932 20933 20928 6661 8877 13691 20684 20931 20932 20929 1093 6661 6662 20685 20931 20933 20930 1093 6661 6665 13693 20932 20933 20931 6662 8878 20688 20927 20928
0.0332285 0.033168 0.0169017 0.0168945 0.0169175 0.0168985 -0.235692 0.0331418 0.033111 0.0515488 0.0516342 0.0331429 0.0331131 -0.235686 0.0331011 0.0330908 0.0516342 0.0516676 0.0331013 0.0330912 -0.150921 0.0330853 0.0516676 0.0330853 0.0330823 -0.201688 0.0334714 0.033391 0.0169935 0.0334299 0.0333232 0.0169891 0.0170483 0.0170413 -0.108357 0.0169935 0.0166086 0.0250809 0.0166039 0.016502 0.0165679 -0.0501237 0.00762728 0.00766746 0.00791369 0.0116591 0.00762509 0.00763105 -0.122111 0.00778265 0.0166037 0.0248087 0.0166043 0.0164308 0.0164467 0.00782393 0.00780933 0.00780095 -0.251944 0.0333385 0.0332285 0.0514771 0.033297 0.0331668 0.0168379 0.016829 0.0168895 0.01688 -0.235686 0.0331728 0.0331429 0.0514771 0.0516089 0.0331652 0.0331195 -0.235684 0.0331108 0.0331013 0.0516089
0.0330849 0.0330893 0.0517013 0.0517067 0.0330926 0.00456482 -0.207261 0.0330866 0.0330929 0.0517067 0.0517132 0.033096 0.00456527 -0.207283 0.0330883 0.0330969 0.0517132 0.0517195 0.0330997 0.00456577 -0.207307 0.0330906 0.0331011 0.0517195 0.0517258 0.0331036 0.0045663 -0.207334 0.0330931 0.0331063 0.0517258 0.051733 0.0331085 0.00456695 -0.207207 0.0330944 0.0331098 0.051733 0.0515911 0.0331113 0.00456735 -0.198557 0.0329068 0.0329249 0.0515911 0.0436657 0.0329268 0.0045419 -0.221206 0.0447887 0.0448165 0.0436657 0.0369345 0.0448182 0.00618219 -0.186485 0.0476352 0.0476697 0.0369345 0.0476702 0.00657554 -0.117788 0.0330699 0.0330589 0.0516591 -0.169448 0.0330703 0.0330593 0.0516591 0.0516595 -0.169451 0.0330706 0.0330602 0.0516595 0.0516608 -0.169455 0.0330705 0.0330605 0.0516608
0.00694462 0.00961656 0.00909256 0.0154527 -0.0602717 0.0143054 0.00674803 0.00721559 0.00972697 0.00860322 0.0136725 -0.0585289 0.0131739 0.00667103 0.007488 0.00970648 0.00826902 0.0132204 -0.0585694 0.0131739 0.00666784 0.00747333 0.00972726 0.00829447 0.0132326 -0.060266 0.0142312 0.00676982 0.00723004 0.00973337 0.00859942 0.0137022 -0.062209 0.0142312 0.00687293 0.00696724 0.00961238 0.00908195 0.0154433 -0.0493627 0.0117724 0.00777299 0.0049712 0.00686772 0.00706141 0.010917 -0.0306078 0.00911518 0.00733354 0.00631313 0.00784599 -0.0200643 0.00694833 0.00627195 0.00684407 -0.0569452 0.00789012 0.0141531 0.00685345 0.00642047 0.0111508 0.0104772 -0.0478869 0.0117724 0.00510352 0.00504223 0.00710935 0.00685006 0.0120093 -0.0457993 0.00857494 0.00519846 0.00508445 0.00738019 0.00749833 0.0120629 -0.0213953 0.00837026 0.00612696
0.00815826 0.014673 0.0122237 0.00882322 -0.0598254 0.00477465 0.0107726 0.010658 0.0100023 0.0163056 0.00731231 -0.0548471 0.00678118 0.012444 0.00840522 0.00966397 0.00649344 0.0110593 -0.0533234 0.00458638 0.00864323 0.00659748 0.0122237 0.010658 0.0106146 -0.0298138 0.00726857 0.00531674 0.00882322 0.00840522 -0.0441645 0.00716486 0.0100023 0.00966397 0.00850541 0.00882788 -0.0428628 0.00909199 0.00574658 0.00971372 0.00828458 0.0100259 -0.0635836 0.0154529 0.0163056 0.00922145 0.00865295 0.00690661 0.00704406 -0.0326912 0.00961637 0.00757068 0.00705238 0.00845174 -0.0447482 0.00827951 0.0106146 0.00971372 0.00922145 0.00691889 -0.0333878 0.00850541 0.00865295 0.00757068 0.00865872 -0.019433 0.00561064 0.00649344 0.00732894 -0.0333432 0.00860325 0.00828458 0.00757869 0.00887668 -0.0592642 0.0136736 0.00839321 0.00972711 0.0133905
0.00671571 0.00663115 0.00719639 0.00978681 0.0108026 -0.0312721 0.0040242 0.0149522 0.00447304 0.00782264 -0.0271161 0.0151771 0.00273428 0.00293689 0.00626782 -0.0275707 0.0149142 0.00293689 0.00314456 0.006575 -0.0300444 0.00347595 0.00803432 0.0131828 0.00535134 -0.0281009 0.00314456 0.00347595 0.0069108 0.0145696 -0.0396413 0.00971401 0.00608252 0.00626782 0.00640155 0.0111754 -0.0299353 0.0141052 0.0032997 0.00409641 0.00843406 -0.0608683 0.00912571 0.0100266 0.0146326 0.00938086 0.00714023 0.0105623 -0.040603 0.006575 0.00640155 0.0100266 0.00669749 0.0109024 -0.0312087 0.00409641 0.0146326 0.0041197 0.00835999 -0.0430381 0.00938247 0.00803432 0.00731798 0.0078427 0.0104606 -0.06225 0.0100511 0.00938086 0.0101481 0.0151355 0.0105284 0.00700608 -0.0315428 0.0136315 0.00449749 0.00518283 0.00823092 -0.0417339 0.0069108
0.0108034 0.0253494 0.0251858 0.0161415 0.0161763 0.0158498 -0.104827 0.0108314 0.0161097 0.010817 0.0255798 0.0254016 0.0160878 -0.104653 0.0108204 0.0108241 0.0161763 0.0254016 0.0160538 0.025377 -0.124514 0.0159512 0.00504045 0.00515641 0.0260882 0.0256058 0.0160978 0.0049626 0.00509991 0.00507079 0.00511691 0.00519689 0.00512697 -0.123931 0.00528284 0.00491709 0.0158498 0.0256058 0.0162298 0.0253629 0.00519207 0.00528223 0.00518974 0.0049418 0.00503171 0.00504557 -0.110652 0.010805 0.0162261 0.0257862 0.0160878 0.0160978 0.0256491 -0.110459 0.0108248 0.0161344 0.0160538 0.0162298 0.0256491 0.0255668 -0.110122 0.0108344 0.0253575 0.0257663 0.0160943 0.0161144 0.0159554 -0.104691 0.0108246 0.0161794 0.0108281 0.025377 0.0254235 0.0160584 -0.104922 0.0108381 0.0108238 0.0161144 0.0254235
