data/processor7/gnn/A_csr_10600_rank7.dat
nRows 23149
nCols 23149
[rows 0 to 13 of 14, columns 2054 to 2132 of 23149]
15689 15696 15703 15710 15717 15724 15731 15738 15745 15752 15759 15765 15770 15777 15790 15797 15807 15814 15818 15824 15840 15847 15860 15867 15874 15881 15888 15895 15902 15909 15916 15923 15930 15936 15941 15948 15955 15971 15978 15988 15995 16001 16006 16011 16016 16023 16039 16046 16062 16069 16076 16083 16090 16097 16104 16111 16118 16125 16132 16139 16145 16150 16157 16164 16171 16184 16200 16207 16217 16230 16243 16256 16263 16279 16292 16299 16306 16313 16320
10823 10826 17905 22492 22495 22496 22498 265 164 5835 8076 8083 8084 8086 266 165 8056 8083 17992 17993 17995 267 166 268 290 429 17958 17959 17962 17963 17992 17994 17996 17998 22834 22835 22836 268 167 245 267 269 291 430 269 168 246 268 270 292 431 270 169 247 269 271 293 432 271 170 248 270 272 294 433 272 171 249 271 273 295 434 273 172 250 272 274 296 435
3342 3360 3362 3380 3700 3362 3015 3343 3361 3363 3381 3701 3363 3016 3344 3362 3364 3382 3702 3364 3017 3345 3363 3365 3383 3703 3365 3018 3346 3364 3366 3384 3704 3366 3019 3347 3365 3367 3385 3705 3367 3020 3348 3366 3368 3386 3706 3368 3021 3349 3367 3369 3387 3707 3369 3022 3350 3368 3370 3388 3708 3370 3023 3351 3369 3371 3389 3709 3371 3024 3352 3370 3372 3390 3710 3372 3025 3353 3371
13675 6653 6654 6671 6879 13680 13681 6654 6653 6676 6884 13684 6655 6658 6706 6889 13685 6656 1092 13687 13688 6657 6437 6661 6709 13691 13692 13693 6658 6655 6712 6893 13701 13702 6659 6665 6713 6894 13706 13707 13708 6660 1075 6441 6635 20921 20922 20923 6661 1093 6442 6657 20928 20929 20930 6662 6443 6666 18586 18599 20920 20922 20924 20926 20927 20929 20931 20933 6663 1282 13713 13714 13715 6664 6636 6666 9072 13633 13635
21804 9602 9603 9604 16077 16083 16090 9603 9602 16081 16094 9604 9602 16088 16095 9605 1779 7095 7319 9607 9609 15152 15153 15156 17426 17429 17430 17432 17561 17562 17565 9606 1802 7096 7350 9607 9610 17427 17429 17431 17432 17540 17541 17544 21821 21823 21825 9607 7097 9605 9606 9611 19132 19152 9608 2097 7322 7352 9609 9610 17428 17430 17431 17432 21786 21788 21790 21828 21830 21832 9609 7323 9605 9608 9611 19134 19362 9610 7354
13232 13240 13241 13243 20757 13246 6517 13239 13240 13242 13243 21015 13247 13250 13251 13252 13253 20759 20766 13248 12569 13250 13251 20761 13249 12570 13250 13252 20768 13250 12572 13247 13248 13249 20763 20770 13251 13247 13248 13257 20765 13252 13247 13249 13258 13287 20772 13253 6528 6529 13247 13257 13258 13259 13254 6530 13257 13258 13255 6528 6530 13257 13259 13269 22562 13256 6529 6530 13258 13259 13298 22563 13257 6528 13251 13253 13254 13255 13270
17069 7649 10142 17071 17072 17082 17101 17070 17063 17066 17067 17068 17071 17066 17067 17069 17084 17103 17072 10142 17065 17066 17068 17069 17086 17073 17059 17077 17078 17079 17080 17074 7650 7688 17047 17053 17077 17078 17075 7650 10143 17048 17062 17077 17079 17076 7650 7688 10143 17078 17079 17083 17077 17050 17064 17073 17074 17075 17078 7688 17054 17073 17074 17076 17085 17079 10143 17065 17073 17075 17076 17086 17080 17055 17066 17073 17084 17085 17086
20361 20362 20365 11783 11895 18228 20360 20361 20363 20366 6152 11896 18236 20360 20362 20363 20367 6159 11905 18230 20371 20372 20373 20368 6157 8237 11793 18231 20371 20372 20369 6157 6159 8237 18239 20371 20373 20370 6157 11794 11906 18240 20372 20373 20371 6159 8237 18234 20367 20368 20369 20372 11795 11909 18235 20367 20368 20370 20373 6159 11910 18243 20367 20369 20370 20374 6164 6170 11912 20378 20379 20380 20375 6164 6168 11817 20378 20379 22541
-0.202606 0.033079 0.0330788 0.051685 0.0516849 0.0330788 -0.235686 0.033079 0.0330788 0.0516849 0.0516853 0.033079 0.0330788 -0.183999 0.0330785 0.0330783 0.0516853 0.0330785 0.0330783 -0.184001 0.033079 0.033079 0.0516853 0.0330788 0.0330788 -0.183999 0.0330785 0.0330785 0.0516853 0.0330783 0.0330783 -0.117844 0.0330788 0.051686 0.0330792 -0.117843 0.0330783 0.051686 0.0330787 -0.0773661 0.0110237 0.0334325 0.0109294 0.0110264 0.010954 -0.168358 0.0332567 0.0170834 0.0333601 0.0333632 0.0170924 0.0170877 0.0171142 -0.0971814 0.0110255 0.0110237 0.0170834 0.0251172 0.0164668 0.0164648 -0.201753 0.0333592 0.0333601 0.0170792 0.0333918 0.0333929 0.0170595 0.0170585 0.0170522 -0.108334 0.0170792 0.0165294 0.0165296 0.0251056 0.0165449 0.0165456 -0.201692 0.0333242 0.0333918
0.0516868 -0.169529 0.033078 0.0330786 0.0516868 0.051686 -0.169529 0.0330784 0.033079 0.051686 0.0516858 -0.169529 0.0330785 0.0330786 0.0516858 0.0516858 -0.169529 0.0330791 0.0330787 0.0516858 0.0516856 -0.16953 0.0330792 0.0330788 0.0516856 0.051686 -0.169529 0.0330788 0.0330782 0.051686 0.0516859 -0.16953 0.0330793 0.0330788 0.0516859 0.0516856 -0.16953 0.0330794 0.0330788 0.0516856 0.051686 -0.169529 0.0330789 0.0330783 0.051686 0.0516859 -0.16953 0.0330793 0.0330787 0.0516859 0.0516856 -0.16953 0.0330794 0.0330788 0.0516856 0.051686 -0.169383 0.0330789 0.0330783 0.051686 0.0515395 -0.16094 0.0328915 0.0328909 0.0515395 0.043618 -0.133147 0.0447647 0.044764 0.043618 -0.150918 0.033079 0.0516864 0.0330791 0.0330733 -0.202604 0.0330785 0.0516864 0.0516866
0.0113564 0.00772767 -0.0461737 0.0100829 0.00526984 0.00526106 0.00701376 0.00704658 0.0114996 -0.131193 0.0247714 0.0165863 0.0165757 0.0052454 0.00530514 0.00523732 0.00521345 0.00525046 0.00531602 0.00523399 0.00522855 0.00757926 0.00790624 0.0078675 0.00787666 -0.0469025 0.0051971 0.0078055 0.008007 0.00719394 0.0109681 0.00773085 -0.0221046 0.00660494 0.010506 0.00499364 -0.0545323 0.00506173 0.00948463 0.00766659 0.00989823 0.0150464 0.00737472 -0.138842 0.0249516 0.0162625 0.0163285 0.00696378 0.00536025 0.00510748 0.00494556 0.0109666 0.00823111 0.00788422 0.00795257 0.0074159 0.00551085 0.00558078 0.0053798 -0.0535812 0.0139883 0.00488755 0.00489963 0.00929278 0.00927014 0.0112428 -0.0560148 0.0139883 0.0103419 0.0092114 0.00656286 0.00645643 0.00945389 -0.0558228 0.0143932 0.010084 0.00908687 0.006469 0.00638915
0.0255296 0.0160437 0.0252977 -0.121444 0.00496461 0.0261995 0.0169728 0.0255296 0.0157995 0.0166415 0.00494268 0.00521637 0.00517697 -0.110053 0.0158359 0.0107749 0.0164601 0.0253178 0.0163863 0.0252779 -0.11069 0.0107264 0.0165699 0.0257317 0.0158802 0.0253178 0.0164641 -0.110365 0.0108138 0.0160437 0.0163863 0.0253572 0.0165411 0.0252225 -0.110449 0.0107597 0.0256964 0.0157995 0.0164641 0.0253572 0.0163716 -0.0598196 0.0068066 0.00843619 0.0148616 0.0127225 0.0103347 0.00665808 -0.0404372 0.00439086 0.0074793 0.0100975 0.0107345 0.00773502 -0.0587423 0.00655421 0.0125544 0.00983838 0.00814924 0.0147751 0.00687108 -0.0200903 0.0068066 0.0074793 0.0058044 -0.0455855 0.00843619 0.0125544 0.00695616 0.0105584 0.00708045 -0.0600051 0.0148616 0.0100975 0.00983838 0.0110335 0.00706955 0.00710469 -0.0162962
0.00721879 -0.0253511 0.00549659 0.00233506 0.0131103 0.00440906 -0.0481737 0.0114059 0.00770258 0.00755987 0.00701605 0.00688542 0.00760389 -0.04331 0.00730072 0.0087385 0.00782872 0.0107354 0.00870672 -0.0550497 0.00734627 0.00843906 0.00895977 0.0103089 0.0131103 0.00688542 -0.039208 0.00394991 0.0159031 0.00440906 0.00782872 0.0071172 -0.048775 0.00768774 0.0077688 0.00713021 0.00760389 0.0107354 0.00784896 -0.0483856 0.00767646 0.00717592 0.00721879 0.0109348 0.0076475 0.00773205 -0.0571578 0.0099652 0.00991068 0.00834305 0.0084446 0.0103334 0.0101609 -0.0580639 0.00996842 0.0102147 0.00870672 0.00859785 0.0103517 0.0102245 -0.0498071 0.0108945 0.00772378 0.00783262 0.00783436 0.00776085 0.00776092 -0.0421051 0.00701063 0.0071172 0.0109348 0.0084446 0.00859785 -0.0490264 0.007672 0.00772463 0.0076475 0.0103334 0.00783262
0.0064913 0.00710795 0.0109446 0.00742245 0.0103787 -0.0517281 0.00475483 0.00784414 0.0122644 0.0121653 0.00691558 0.0077838 -0.0516821 0.00477788 0.00773249 0.00778987 0.00685796 0.0122373 0.0122866 -0.0513292 0.00471786 0.00770029 0.0120553 0.00724566 0.0118649 0.00774513 -0.0402228 0.00670761 0.00644454 0.00995552 0.00731631 0.00979883 -0.0462253 0.0109057 0.0126138 0.00685578 0.00694756 0.00890244 -0.0521357 0.0070641 0.00472424 0.00772667 0.01227 0.0123971 0.00795357 -0.0409237 0.00648799 0.0103787 0.00724566 0.00995552 0.00685578 -0.0512039 0.00470552 0.00767923 0.0118649 0.00731631 0.00772667 0.0119113 -0.0518401 0.00473429 0.0122866 0.00774513 0.00694756 0.01227 0.00785648 -0.0514341 0.00473995 0.0119911 0.00735376 0.00761076 0.0120276 0.00771089 -0.0400657 0.0100801 0.00976948 0.00633741 0.0063975 0.0074812 -0.0418909
