data/processor7/gnn/A_csr_11000_rank7.dat
nRows 23149
nCols 23149
[rows 0 to 13 of 14, columns 9243 to 9321 of 23149]
68661 68674 68681 68688 68701 68708 68713 68717 68724 68731 68735 68742 68749 68756 68763 68776 68783 68796 68803 68810 68817 68824 68830 68835 68839 68844 68851 68858 68871 68878 68885 68892 68899 68906 68919 68926 68939 68946 68953 68960 68967 68974 68980 68987 68994 69001 69008 69015 69021 69025 69030 69037 69050 69057 69064 69071 69078 69085 69092 69097 69102 69108 69115 69120 69127 69134 69150 69157 69170 69177 69184 69189 69195 69202 69206 69213 69226 69242 69249
18732 18734 18736 18738 1225 1027 1214 1224 1226 1239 1456 1226 1028 1215 1225 1227 1240 1457 1227 1029 1216 1226 1228 1241 1458 1228 1030 1217 1227 1229 1242 1459 1229 1031 1218 1228 1230 1243 1460 1230 1032 1229 1231 1244 1461 1231 1230 1245 1462 1232 1033 1219 1233 1246 18740 18742 18744 1233 1232 18518 18726 18739 18740 18742 1234 6593 6812 6830 6832 14181 14182 14185 14186 18739 1235 6829 9004 9005 1236
4440 4442 4464 4660 4442 4146 4419 4441 4443 4465 4661 4443 4147 4420 4442 4444 4466 4662 4444 4148 4421 4443 4445 4467 4445 4149 4422 4444 4446 4468 4446 4150 4423 4445 4447 4469 4447 4151 4424 4446 4448 4470 4448 4152 4425 4447 4449 4471 4449 4153 4426 4448 4472 4450 4154 4427 4451 4473 4451 4155 4428 4450 4452 4474 4452 4156 4429 4451 4453 4475 4453 4157 4430 4452 4454 4476 4663 4454 4158
7534 7537 9778 19502 22086 22089 22091 22092 7536 7530 7534 7537 7573 16646 16649 16651 16652 19503 22080 22081 22083 7537 7535 7536 7574 9780 19504 22093 22096 22098 22099 7538 2027 7501 16654 16655 16656 7539 2046 7271 9784 22101 22102 22103 7540 7545 7577 16661 16662 16663 7541 2374 7504 7542 7543 9786 19313 19316 19318 19319 7542 7505 7541 7544 7546 16653 16656 16658 16659 19509 22108 22110 22112 7543 7541 7544 7580 9788 19510
10668 10669 10666 8016 10668 17594 10667 10668 10671 17596 10668 8019 10665 10666 10667 10673 17598 10669 5800 10665 10673 10674 10675 10676 10670 5800 5802 8012 8035 10673 10674 10671 5802 8012 10667 10673 10675 11106 10672 5802 8035 10674 10675 10678 11107 10673 5800 8012 10668 10669 10670 10671 10674 5800 8035 10669 10670 10672 10679 10675 10669 10671 10672 10676 10669 10679 17454 10677 10679 10687 17457 17608 10678 10672 10679 17609 10679 10674 10676
14431 9090 14427 14428 14429 14438 14432 6910 9091 14427 14428 14430 21216 14433 6910 14427 14429 14430 14440 18931 14434 6911 14423 14427 14438 14439 14440 14435 6909 14438 14439 14436 6909 14429 14438 14440 22611 14437 6909 6911 14439 14440 14457 22612 14438 14431 14434 14435 14436 14439 6911 14426 14434 14435 14437 14458 14440 6911 14433 14434 14436 14437 22614 14441 9092 14445 14446 14447 14448 21232 14442 6912 13783 14445 14446 21226 14443 1323 6912
18103 18104 18107 18110 18109 508 8257 8354 18105 18107 18110 18110 6007 8258 8355 18106 18108 18109 20200 20201 20203 18111 11390 11401 18115 18116 18117 20206 18112 512 5877 6003 11391 18115 18116 18113 512 5877 8254 18115 18117 20207 18114 512 6003 8254 11402 18116 18117 18115 5877 11394 18111 18112 18113 20210 18116 6003 11395 11405 18111 18112 18114 18117 8254 11406 18111 18113 18114 20211 18118 11423 11434 18122 18123 18124 20213 18119 519
21393 21395 21396 21400 7038 9261 14904 21404 21405 21406 21401 7035 9262 14118 21388 21404 21405 21402 1442 7035 14119 14905 21404 21406 21403 1442 7035 7038 21389 21405 21406 21404 9264 14121 14908 21400 21401 21402 21405 7038 9265 21392 21400 21401 21403 21406 1442 7038 14909 21400 21402 21403 21407 7044 9280 14928 21411 21412 21413 21408 7041 9275 9282 14156 21411 21412 21409 7041 14157 14929 18873 21411 21413 21410 7041 7044 9275 18875 21412
0.0331307 0.051415 0.0516256 0.0331261 0.0331299 -0.235683 0.0330981 0.0330992 0.0516256 0.0516646 0.0331011 0.0330944 -0.235685 0.033086 0.0330857 0.0516646 0.0516789 0.0330865 0.0330829 -0.235685 0.0330809 0.0330803 0.0516789 0.0516835 0.0330812 0.03308 -0.20263 0.0330794 0.0516835 0.0517089 0.0330791 0.0330789 -0.151031 0.0331292 0.0517089 0.0331062 0.0330867 -0.211734 0.0333642 0.0169447 0.0334292 0.0332937 0.0169654 0.0169244 0.0169424 0.0110026 0.0109179 0.0110127 0.0109364 -0.107929 0.0169447 0.0165291 0.0165528 0.024667 0.0166119 0.0166234 -0.0487256 0.0073609 0.00770386 0.00748679 0.010312 0.00766401 0.00819795 -0.125806 0.00529333 0.00742504 0.0165927 0.0244905 0.0166375 0.01678 0.00757723 0.0075688 0.00762101 0.00524772 0.00529999 0.00527232 -0.262162 0.0332403 0.0514159
0.699249 0.699254 0.447519 0.00245555 -1.85093 0.00245551 0.699254 0.699254 0.447512 0.00245551 -1.15168 0.00245555 0.699254 0.447519 0.00245555 -1.59919 0.00245549 0.447514 0.699245 0.447517 0.00245549 -2.29844 0.00245551 0.447517 0.699245 0.699243 0.44752 0.00245551 -2.29844 0.00245551 0.447517 0.699243 0.699245 0.44752 0.00245551 -2.29843 0.00245549 0.447514 0.699245 0.699244 0.447517 0.00245549 -2.29844 0.00245552 0.447519 0.699244 0.69924 0.447522 0.00245552 -2.29844 0.00245552 0.447519 0.69924 0.699245 0.447522 0.00245552 -2.29843 0.00245548 0.447512 0.699245 0.699245 0.447515 0.00245548 -2.29844 0.00245552 0.447519 0.699245 0.69924 0.447522 0.00245552 -2.29844 0.00245552 0.447519 0.69924 0.699245 0.447522 0.00245552 -2.29843 0.00245548
0.0260649 0.0166261 0.00497073 0.00496947 0.00496949 0.00498469 0.0157396 -0.121086 0.0169473 0.0260649 0.0265663 0.0171187 0.00479664 0.00466758 0.00471688 0.00477309 0.0154351 -0.0433538 0.0108019 0.00787335 0.0109064 0.00670761 0.00706454 -0.0406826 0.00624048 0.0107242 0.0064036 0.0101187 0.00719559 -0.0390764 0.0094679 0.00602293 0.00621542 0.00966622 0.00770395 -0.120954 0.0154364 0.0167689 0.02634 0.0264715 0.0169098 0.00469067 0.00480425 0.00477772 0.00475473 -0.120979 0.0169711 0.0264715 0.0167985 0.0264731 0.00471808 0.00472451 0.00473429 0.00470614 0.0153818 -0.120792 0.0265663 0.0169098 0.026221 0.0168357 0.00473557 0.00470666 0.00470999 0.00474053 0.0153667 -0.120385 0.0167985 0.026221 0.0259409 0.016578 0.00482162 0.00486369 0.0048438 0.00485343 0.0154642 -0.0497063 0.0129945 0.008478 0.0125324
0.00807955 0.00744528 0.00745256 0.0111562 0.00740906 0.00754686 -0.0596269 0.0110564 0.00857629 0.00917335 0.00890154 0.014975 0.0069443 -0.0491146 0.00811479 0.00747691 0.00739884 0.0118061 0.00756451 0.00675343 -0.0494992 0.00786499 0.00763747 0.0108421 0.00781081 0.00765444 0.00768937 -0.0602102 0.00907769 0.00968381 0.0106845 0.0133423 0.0103068 0.00711505 -0.0408665 0.00728509 0.00651388 0.00943011 0.0113562 0.00628126 -0.0490703 0.00781441 0.0109114 0.00781505 0.0077363 0.00766725 0.0071259 -0.0607811 0.00890154 0.0108421 0.00968381 0.00943011 0.0149066 0.00701701 -0.0498174 0.00783432 0.00781081 0.0106845 0.00781505 0.00788696 0.0077858 -0.0491224 0.00789179 0.00756451 0.00765444 0.0113562 0.0077363 0.00691923 -0.0613307 0.00988252 0.00923854 0.0149524 0.00978679 0.00700378 0.0104667 -0.0320186 0.0138817 0.00535833 0.00447307
0.00808922 0.00541169 0.00759036 0.0109335 -0.0520197 0.0138677 0.00701958 0.00644746 0.00918914 0.00932464 0.00617121 -0.0519855 0.00508184 0.00770887 0.00915832 0.0133769 0.0090692 0.00759036 -0.0216019 0.00600628 0.00914818 0.00644746 -0.0536475 0.00502748 0.00512216 0.00954678 0.0109335 0.00918914 0.0138284 -0.0219817 0.00901664 0.00657701 0.0063881 -0.0327691 0.0109074 0.00719811 0.00706711 0.00759646 -0.0216017 0.00932464 0.00629228 0.00598483 -0.0576527 0.0138284 0.00657701 0.0109074 0.00629228 0.00986884 0.0101787 -0.0519257 0.00885217 0.00632709 0.00800351 0.00653991 0.0130672 0.00913582 -0.0564329 0.012771 0.00666024 0.00680021 0.00988761 0.0101017 0.0102122 -0.0522899 0.00891925 0.00650874 0.00810793 0.00640606 0.0131626 0.00918537 -0.0216526 0.00800351 0.00666024 0.00698884 -0.0198187 0.00653991 0.00650874 0.00677003 -0.0217474
0.0160092 0.0162203 0.0252839 0.0159746 0.0161782 -0.109997 0.0108466 0.0253196 0.0162877 0.0161219 0.0251483 0.0162729 -0.100768 0.0168369 0.0107517 0.0160283 0.0159746 0.0251483 0.0160283 -0.116286 0.0256778 0.0259533 0.0156654 0.0164917 0.0158783 0.0166194 -0.11 0.0159581 0.0107776 0.0162506 0.0254048 0.0162676 0.0253412 -0.110211 0.0107607 0.0162946 0.0158783 0.0254048 0.016334 0.0255383 -0.115995 0.0164587 0.0165033 0.0157954 0.0257533 0.0159361 0.0255481 -0.116462 0.0155344 0.0166194 0.0257533 0.0158272 0.0260546 0.0166733 -0.110047 0.0107708 0.0162676 0.0159361 0.0254334 0.016293 0.0253462 -0.110298 0.010753 0.016334 0.0158272 0.0254334 0.025583 0.0163678 -0.116623 0.0260515 0.0260716 0.0154393 0.0166062 0.015765 0.0166897 -0.110368 0.0157998 0.0107342 0.0163362
