data/processor7/gnn/A_csr_10800_rank7.dat
nRows 23149
nCols 23149
[rows 0 to 13 of 14, columns 14852 to 14930 of 23149]
104307 104314 104319 104326 104333 104338 104345 104350 104355 104360 104367 104372 104377 104383 104388 104395 104401 104406 104410 104415 104422 104429 104436 104442 104449 104456 104463 104470 104476 104480 104485 104492 104499 104506 104513 104520 104525 104532 104539 104544 104551 104558 104563 104570 104577 104581 104585 104590 104595 104599 104603 104608 104613 104619 104623 104628 104635 104642 104648 104655 104662 104669 104676 104683 104690 104697 104704 104711 104716 104723 104730 104735 104742 104749 104754 104761 104768 104774 104778
1944 1946 1966 2282 1946 1664 1926 1945 1947 1967 2283 1947 1665 1927 1946 1948 1968 2284 1948 1666 1928 1947 1949 1969 2285 1949 1667 1929 1948 1950 1970 2286 1950 1668 1930 1949 1971 2287 1951 1669 1952 1972 1952 1670 1931 1951 1953 1973 2288 1953 1671 1932 1952 1954 1974 2289 1954 1933 1953 1955 1975 2290 19064 19065 19066 19067 19244 19246 19248 23037 23040 23041 1955 1934 1954 9450 19243 19244 19246
5136 5276 5289 5291 5304 5444 5291 5137 5277 5290 5292 5305 5445 5292 5138 5278 5291 5306 5446 5293 5139 5279 5294 5307 5447 5294 5140 5280 5293 5295 5308 5448 5295 5141 5281 5294 5296 5309 5449 5296 5142 5282 5295 5297 5310 5450 5297 5143 5283 5296 5298 5311 5451 5298 5144 5284 5297 5299 5312 5452 5299 5145 5285 5298 5300 5313 5453 5300 5146 5286 5299 5301 5314 5454 5301 5147 5287 5300 5302
18089 8225 468 6145 8221 8223 8224 8231 8226 446 447 5978 8228 8230 11268 11269 11272 18010 8227 446 469 8221 8228 8231 18011 8228 469 8226 8227 8232 8234 18012 8229 446 602 5979 8223 8230 8231 11274 11276 11278 18224 18225 18227 8230 5980 6150 8226 8229 8232 8236 11281 11283 11285 20361 20362 20364 8231 469 6151 8225 8227 8229 8232 8232 469 6152 8228 8230 8231 8238 8233 447 448 5982 8235 8237 11300
555 6057 11540 11592 11593 22507 11590 6057 6059 8287 11592 11594 22508 11591 6057 11593 11594 11592 555 6059 11588 11589 11590 22511 11593 555 11542 11588 11589 11591 11598 11594 6059 8288 11588 11590 11591 11599 11595 11588 11598 11599 11600 20255 20262 11596 11598 11600 12199 20257 11597 11599 11600 12200 20264 11598 11553 11593 11595 11596 20259 11599 11594 11595 11597 20266 11600 11595 11596 11597 12201 20261 20268 11601 11605 11606 11607 11602 6059
19072 15379 7182 9421 15374 15375 15377 19073 15380 7182 9458 15374 15376 15377 15388 15381 15384 15385 15386 15387 19068 21624 15382 7180 14731 15384 15385 17678 19070 15383 7180 9484 15385 15386 17680 21625 15384 15381 15382 19072 15385 15381 15382 15383 17682 19074 21628 15386 15381 15383 15389 21629 15387 15374 15381 15388 15389 15390 15388 15380 15387 15394 15389 15386 15387 15395 15390 7182 15387 15394 15395 15396 21624 15391 7184 15394 15395 15408 15536
18900 18901 18906 18903 1499 1780 9320 9337 18904 18905 18904 1500 1780 9321 18900 18903 18906 18905 1519 1780 9339 18901 18903 18906 18906 1500 1519 1780 18902 18904 18905 18907 1514 1515 9061 9324 18909 18911 18908 1513 1514 1534 9062 18909 18912 18909 1534 9063 9341 18907 18908 18913 18910 1513 1514 1795 9327 18911 18912 18911 1795 9328 9343 18907 18910 18913 18912 1513 1534 1795 18908 18910 18913 18913 1534 1795 9345 18909 18911
22204 22201 7643 7675 10130 22194 22203 22204 22202 17003 17017 17043 22198 22199 22200 22203 7675 17004 22196 22198 22199 22201 22204 10130 17018 22197 22198 22200 22201 22205 17089 17098 22209 22210 22211 22212 22206 7655 7695 17081 17090 22209 22210 22207 7655 10150 17082 17101 22209 22211 22208 7655 7695 10150 22210 22211 22215 22209 17084 17091 17103 22205 22206 22207 22210 7695 17092 22205 22206 22208 22217 22211 10150 17104 22205 22207 22208 22218 22212
0.033079 -0.235686 0.033079 0.033079 0.0516854 0.0516849 0.0330789 0.0330789 -0.235686 0.0330788 0.0330788 0.0516849 0.0516853 0.033079 0.033079 -0.235542 0.0330783 0.0330783 0.0516853 0.0515432 0.0330785 0.0330785 -0.226781 0.0329127 0.0329157 0.0515432 0.0436244 0.0328926 0.0328926 -0.25963 0.0447897 0.0447934 0.0436244 0.03689 0.0447661 0.0447661 -0.227315 0.0476091 0.0476104 0.03689 0.0476027 0.0476028 -0.150925 0.0330811 0.0330803 0.0516846 0.0330794 -0.2357 0.0330851 0.0330823 0.0516846 0.0516883 0.0330795 0.0330806 -0.235725 0.033092 0.0330845 0.0516883 0.0516991 0.0330789 0.033082 -0.23577 0.0331013 0.0330849 0.0516991 0.0517221 0.0330775 0.0330846 -0.235861 0.0331162 0.0330785 0.0517221 0.0517868 0.0330711 0.0330859 -0.235887 0.0331029 0.0330327 0.0517868
0.699255 0.447513 -1.59675 0.00245555 0.44752 0.699255 0.44752 -1.59674 0.00245549 0.447515 0.699247 0.447518 -2.29599 0.00245551 0.447518 0.699247 0.699245 0.447521 -2.29599 0.00245551 0.447518 0.699245 0.699247 0.447521 -2.29598 0.00245549 0.447515 0.699247 0.699245 0.447518 -2.29598 0.00245552 0.44752 0.699245 0.699242 0.447523 -2.29599 0.00245552 0.44752 0.699242 0.699247 0.447523 -2.29598 0.00245548 0.447513 0.699247 0.699247 0.447516 -2.29599 0.00245552 0.44752 0.699247 0.699241 0.447522 -2.29599 0.00245552 0.44752 0.699241 0.699247 0.447523 -2.29598 0.00245548 0.447513 0.699247 0.699247 0.447516 -2.29599 0.00245552 0.44752 0.699247 0.699241 0.447522 -2.29599 0.00245552 0.44752 0.699241 0.699247 0.447523 -2.29598
0.0163594 0.0164109 0.0245252 0.0164657 0.0163547 -0.110236 0.0110957 0.0242673 0.0166289 0.0167745 0.0247367 0.0167331 -0.102017 0.0168236 0.0110208 0.0164577 0.0164657 0.0247367 0.016513 -0.127281 0.0253931 0.00783285 0.00485576 0.0161194 0.0171105 0.00815315 0.00782919 0.00815486 0.00521382 0.00489047 0.00524241 0.0164859 -0.103251 0.0170159 0.0164827 0.0109766 0.0252815 0.0167801 0.0167144 -0.11063 0.010753 0.0255797 0.0161194 0.0252815 0.0165585 0.0163383 -0.10988 0.0169332 0.0171482 0.0171934 0.0168377 0.0252837 0.0164836 -0.127254 0.00485516 0.00770687 0.0171105 0.0252837 0.0161268 0.0169853 0.00488345 0.00519082 0.00522576 0.0077508 0.00805026 0.00808432 -0.103402 0.0169983 0.0109734 0.0167801 0.0164836 0.0252631 0.0169033 -0.111126 0.0107166 0.0258489 0.0165585 0.0161268 0.0252631
-0.0584513 0.00878357 0.00872814 0.0128825 0.0109734 0.00695108 0.0101326 -0.0585444 0.0155939 0.00777993 0.010517 0.0105257 0.00706282 0.00706505 -0.0500141 0.00688522 0.00502745 0.0076381 0.0110143 0.00751435 0.0119347 -0.0481759 0.00816875 0.0070134 0.00736988 0.0109734 0.00706282 0.00758774 -0.0506814 0.00501333 0.0117437 0.0117783 0.00695108 0.00751435 0.00768065 -0.0476588 0.0081031 0.00506405 0.00784907 0.00764281 0.00706505 0.0119347 -0.0509394 0.00496298 0.00720738 0.0116825 0.00745222 0.00777983 0.0118545 -0.0522571 0.00677073 0.00769388 0.0115493 0.00732035 0.0113982 0.00752465 -0.0515774 0.0106209 0.00795596 0.00735031 0.0073302 0.0068193 0.0115008 -0.0508737 0.00702533 0.00499579 0.00742617 0.0116676 0.0120697 0.00768912 -0.0529605 0.00717138 0.00720738 0.0115493 0.00735031 0.00781681 0.0118654 -0.0506432 0.0049642
0.00642243 0.00602672 -0.0486704 0.00879226 0.00647684 0.0114515 0.00720502 0.00741322 0.00733159 -0.0544081 0.00719809 0.00843148 0.00752325 0.0116883 0.0120182 0.00754886 -0.0489761 0.0072374 0.00502744 0.00727754 0.0115402 0.0104261 0.00746737 -0.047511 0.00839741 0.0116567 0.00509316 0.00733201 0.00750583 0.00752589 -0.0547124 0.00848747 0.0114515 0.00752325 0.00727754 0.0119712 0.00800146 -0.0487253 0.00884299 0.00642243 0.00720502 0.0116883 0.00733201 0.00723456 -0.0475899 0.00836526 0.0051127 0.00741322 0.0115402 0.00750583 0.00765268 -0.0321139 0.00965653 0.00547679 0.00470617 0.0122744 -0.0487572 0.0143961 0.00740974 0.00708664 0.0133397 0.00652502 -0.0632395 0.0102259 0.0105105 0.0153875 0.00961976 0.00704764 0.0104482 -0.0316891 0.00470617 0.0105105 0.00442791 0.0120445 -0.0470005 0.00708664 0.0153875 0.0113412 0.00650586
0.0253867 -0.116249 0.0259866 0.0253286 0.0162908 0.0162961 0.0161715 0.0161753 -0.103828 0.0173515 0.0166398 0.0110141 0.0165067 0.0257637 0.0165525 -0.110555 0.0108432 0.0162248 0.0254027 0.0161715 0.0257637 0.0161491 -0.103817 0.0173471 0.0166312 0.0110128 0.0165148 0.0257526 0.0165581 -0.110565 0.010845 0.0162406 0.0253993 0.0161753 0.0257526 0.0161518 -0.0980337 0.017323 0.0110154 0.0110149 0.0165525 0.0165581 0.0255699 -0.104865 0.0108178 0.0108181 0.0253585 0.0161491 0.0161518 0.0255699 -0.0552489 0.0124994 0.006964 0.00700816 0.00879782 0.00996102 0.0100185 -0.0470972 0.00733581 0.0085312 0.00512518 0.00712579 0.0112619 0.00771735 -0.0471284 0.00736517 0.00851852 0.00513307 0.00714879 0.0112501 0.00771276 -0.0597366 0.00479364 0.0105043 0.0160943 0.00996102 0.0112619 0.00712143 -0.0599146
