data/processor7/gnn/A_csr_10600_rank7.dat
nRows 23149
nCols 23149
[rows 0 to 13 of 14, columns 10665 to 10743 of 23149]
78667 78671 78676 78683 78687 78691 78695 78702 78709 78716 78723 78730 78737 78744 78748 78752 78757 78761 78768 78775 78782 78789 78793 78797 78801 78806 78810 78814 78819 78826 78833 78840 78844 78848 78852 78856 78863 78870 78877 78884 78891 78895 78902 78906 78910 78914 78921 78925 78930 78934 78941 78948 78955 78962 78969 78976 78983 78987 78994 79001 79008 79012 79019 79024 79031 79038 79045 79052 79056 79063 79068 79074 79078 79082 79089 79096 79102 79109 79116
9213 9216 13962 13963 13965 14743 14744 14747 17643 17646 17647 17649 18824 1413 1401 8955 9213 18837 18838 18840 1414 1402 1415 1424 1680 18837 18839 18841 18843 22921 22922 22923 22924 22974 22977 22978 1415 1184 1403 1414 1416 1425 1681 1416 1185 1404 1415 1417 1426 1682 1417 1186 1405 1416 1418 1427 1683 1418 1187 1406 1417 1428 1684 1419 1189 1407 1420 1429 1685 22968 22970 22972 1420 1408 1419 8962 22967 22968 22970
4438 4643 4656 4658 4671 4853 4658 4439 4644 4657 4659 4672 4854 4659 4440 4645 4658 4660 4673 4855 4660 4441 4646 4659 4661 4674 4856 4661 4442 4647 4660 4662 4675 4857 4662 4443 4648 4661 4676 4858 4663 4453 4649 4664 4677 4859 4664 4454 4650 4663 4665 4678 4860 4665 4455 4651 4664 4666 4679 4861 4666 4456 4652 4665 4667 4680 4862 4667 4457 4653 4666 4668 4681 4863 4668 4458 4654 4667 4669
22299 7707 2355 7474 7701 17175 17176 17177 7708 7714 7741 17182 17183 17184 7709 2695 7703 7710 7711 9937 19460 19463 19465 19466 7710 7709 7712 7716 9938 19607 22296 22299 22301 22302 7711 7705 7709 7712 7744 17174 17177 17179 17180 19608 7712 7710 7711 7718 7745 17181 17184 17186 17187 19609 7713 2337 7476 9941 22304 22305 22306 7714 2356 7708 17189 17190 17191 7715 7477 7721 7748 17196 17197 17198 7716 2696 7710 7717 7718
10906 10907 22492 10904 5865 10897 10906 10908 11320 10905 5865 5867 10907 10908 11321 22494 10906 5861 10814 10899 10902 10903 10904 10907 5861 5867 10902 10903 10905 22496 10908 5867 10901 10902 10904 10905 11322 10909 5869 5870 10913 10914 10915 10910 5869 5871 10913 10914 10919 10923 10911 5871 10913 10915 10920 11372 10912 5870 5871 10914 10915 10924 11373 10913 5869 10909 10910 10911 10921 10914 5869 5870 10909 10910 10912 10926 10915 5870 10909
14660 14661 14663 14679 14666 14659 14660 14662 14663 21607 14667 14663 14682 15369 14668 9176 14672 14673 21337 14669 6976 9177 14672 14670 6976 9182 14673 14671 6976 9183 14672 14673 21338 14672 9179 14668 14669 14671 21341 14673 9186 14668 14670 14671 21342 14674 9176 14678 14679 14680 14681 21337 14675 6977 9158 9178 14661 14678 14679 14676 1659 6977 9158 14678 14680 21339 14677 1659 6977 14663 14679 14680 14682 14678 9158 9179 14674 14675 14676
18303 18306 18399 18306 716 6217 18302 18304 18305 18400 18307 706 707 8422 18157 18309 18311 18308 706 720 6225 18158 18309 18312 18309 707 720 18159 18307 18308 18313 18310 706 873 6227 8425 18311 18312 18311 707 8426 18307 18310 18313 18405 18312 720 6229 18308 18310 18313 18406 18313 707 720 18309 18311 18312 18407 18314 6230 12198 12210 18318 18319 18320 18315 718 12166 12199 18318 18319 20257 18316 718 6230 8436 18318 18320
21598 21599 21603 7176 15368 19047 21607 21608 21609 21604 7173 14662 19007 19048 21607 21608 21605 1659 7173 14663 15369 21607 21609 21606 1659 7173 7176 19007 21608 21609 21607 14666 15371 19051 21603 21604 21605 21608 7176 19007 19052 21603 21604 21606 21609 1659 7176 15372 21603 21605 21606 21610 7175 15362 21614 21615 21616 21617 21611 7177 15364 15454 21597 21614 21615 21612 7175 7177 19230 21598 21614 21616 21613 7177 15455 19230 21615 21616 21620
0.010802 0.0177366 0.0175093 0.0175946 -0.10422 0.0109737 0.017546 0.016561 0.0260193 0.0164761 0.0166438 -0.110683 0.0107599 0.0163041 0.025794 0.0257914 0.0158486 0.0161854 -0.110644 0.0108044 0.0162251 0.0257844 0.0256464 0.0160971 0.0160862 -0.110477 0.0108254 0.0161367 0.0255638 0.0256664 0.0162285 0.0160558 -0.11086 0.0107753 0.0163188 0.0258239 0.0258272 0.0159503 0.0161649 -0.110711 0.0108029 0.0163548 0.0258405 0.0254464 0.0160307 0.0162355 -0.272254 0.0327537 0.0517481 0.0107737 0.032959 0.0109014 0.0109313 0.0109578 0.0109496 0.0108126 0.0107886 0.0108564 0.0168962 0.0171176 0.0168578 0.01695 -0.256879 0.0330147 0.0517481 0.0518322 0.0108932 0.0331262 0.0109451 0.0108491 0.0109788 0.0109105 0.010849 0.010893 0.010839 -0.235912 0.033138 0.0330549 0.0518322
0.69924 0.699245 0.447519 0.00245552 -2.29843 0.00245548 0.447515 0.699245 0.699245 0.447512 0.00245548 -2.29844 0.00245552 0.447522 0.699245 0.69924 0.447519 0.00245552 -2.29844 0.00245552 0.447522 0.69924 0.699245 0.447519 0.00245552 -2.29843 0.00245548 0.447515 0.699245 0.699245 0.447512 0.00245548 -2.29844 0.00245552 0.447522 0.699245 0.69924 0.447519 0.00245552 -2.29844 0.00245552 0.447522 0.69924 0.699245 0.447519 0.00245552 -2.29843 0.00245548 0.447515 0.699245 0.699245 0.447512 0.00245548 -1.5992 0.00245552 0.447522 0.699245 0.447519 0.00245552 -1.59919 0.00245552 0.447514 0.699254 0.447514 0.00245552 -2.29845 0.00245554 0.447517 0.699254 0.699252 0.447517 0.00245554 -2.29845 0.00245554 0.447517 0.699252 0.699254 0.447517 0.00245554
0.0072383 0.00523332 0.0113033 0.00827639 0.00811997 0.00845555 0.0252589 -0.0428375 0.00572887 0.00820844 0.00906224 0.0124765 0.00736146 -0.117303 0.0164748 0.0162476 0.0165369 0.0261896 0.0253178 0.0165363 -0.130653 0.00808088 0.00488869 0.0163818 0.0261896 0.00460531 0.00526047 0.00506589 0.00452309 0.00492085 0.00504112 0.00530313 0.0162919 0.00825248 0.00770311 0.00814482 -0.0308214 0.00841036 0.00908532 0.00595492 0.00737082 -0.0447663 0.0111136 0.00798755 0.0065923 0.00885185 0.0102209 -0.0622062 0.010535 0.016214 0.00999295 0.0109408 0.00742443 0.00709901 -0.0206717 0.00635924 0.00661211 0.00770038 -0.0601446 0.00841036 0.00798755 0.016214 0.0137008 0.00688566 0.00694615 -0.0454626 0.00908532 0.00999295 0.00661211 0.011295 0.00847726 -0.0334109 0.00733182 0.00888723 0.00903386 0.00815798 -0.0317894 0.00733182 0.00933844
0.0121848 -0.0558244 0.00471876 0.0120258 0.00645661 0.00997959 0.0151413 0.00750236 -0.0209213 0.00584332 0.00864189 0.00643611 -0.0568603 0.00727204 0.00981489 0.00629762 0.0115739 0.0149783 0.00692357 -0.0207659 0.0087047 0.00561175 0.00644945 -0.0215621 0.00588833 0.00629762 0.00937614 -0.0431895 0.00750236 0.00864189 0.0115739 0.00561175 0.00985959 -0.0298186 0.00609058 0.00413179 0.0109287 0.0086676 -0.0207711 0.00413179 0.00892834 0.00771094 -0.0549746 0.0109287 0.00588986 0.0150723 0.0069551 0.00917086 0.00695779 -0.0535371 0.00511467 0.00691619 0.0101114 0.00952116 0.00848625 0.0133874 -0.058512 0.00610081 0.00945629 0.0126284 0.00729185 0.00667828 0.0163564 -0.0214301 0.00588986 0.0101114 0.0054288 -0.0595238 0.0150723 0.00952116 0.00945629 0.00712211 0.0070602 0.0112917 -0.0426901 0.00892834 0.0069551 0.0126284 0.0048612
0.010262 0.00798804 -0.0536748 0.00936092 0.00835957 0.010649 0.0071899 0.0105784 0.00753701 -0.0588001 0.00513836 0.0126715 0.0104663 0.0107582 0.0095038 0.010262 -0.0472946 0.00763032 0.00538014 0.0105962 0.00792603 0.00798804 0.00777388 -0.0414859 0.00616209 0.00801993 0.00713756 0.0094764 0.0106899 -0.0307698 0.0043915 0.00378349 0.00845552 0.0141393 -0.0202049 0.00330048 0.0102618 0.00664261 -0.0273348 0.00223262 0.00801993 0.00378349 0.0132988 -0.0549558 0.00790082 0.00713756 0.00845552 0.0102618 0.0105303 0.0106699 -0.0573279 0.00730098 0.00964529 0.00904105 0.0143149 0.00723163 0.00979405 -0.0317588 0.00861084 0.00429411 0.0144095 0.00444438 -0.0468769 0.00516668 0.0110696 0.00772488 0.00794241 0.00711602 0.00785735 -0.0569821 0.00494614 0.00864594 0.0137906 0.00910635 0.0110104 0.00948257 -0.0559583 0.00736689 0.0091795
0.0165117 0.0168502 0.00786802 0.00787311 0.00789029 -0.102776 0.0169904 0.0165696 0.0110568 0.016616 0.0249671 0.0165759 -0.110098 0.0109603 0.0247951 0.0164448 0.0165117 0.0249671 0.0164185 -0.108638 0.0170228 0.0167528 0.0167033 0.0165874 0.0250123 0.0165589 -0.116107 0.0166875 0.0246 0.0168502 0.0250123 0.0163536 0.0166032 -0.102864 0.0170221 0.0110518 0.0165759 0.0165589 0.025066 0.0165897 -0.109986 0.0109317 0.0248066 0.0164185 0.0163536 0.025066 0.0164097 -0.0473113 0.00509186 0.00528149 0.0107281 0.00765683 0.00718242 0.0113707 -0.0595342 0.0110937 0.00841913 0.0134622 0.00688792 0.0103927 0.00927847 -0.0479058 0.00766995 0.00524007 0.00786802 0.0114515 0.00783463 0.00784164 -0.0477787 0.0079944 0.00532757 0.00789616 0.00787311 0.010962 0.00772547 -0.0493845 0.00508247 0.0109292 0.00765683
