data/processor2/gnn/A_csr_10200.dat
nRows 23533
nCols 23533
[rows 0 to 13 of 14, columns 8624 to 8700 of 23533]
58132 58139 58146 58153 58160 58167 58174 58181 58188 58195 58202 58209 58216 58223 58230 58237 58244 58251 58258 58265 58272 58278 58284 58291 58298 58305 58312 58319 58326 58333 58340 58347 58354 58361 58368 58375 58382 58389 58396 58403 58410 58417 58424 58431 58438 58445 58452 58459 58466 58473 58479 58485 58492 58499 58506 58513 58520 58527 58534 58541 58548 58555 58562 58569 58576 58583 58590 58597 58604 58611 58618 58625 58632 58639 58646 58653 58660
1336 1363 1770 1336 901 1308 1335 1337 1364 1771 1337 902 1309 1336 1338 1365 1772 1338 903 1310 1337 1339 1366 1773 1339 904 1311 1338 1340 1367 1774 1340 905 1312 1339 1341 1368 1775 1341 906 1313 1340 1342 1369 1776 1342 907 1314 1341 1343 1370 1777 1343 908 1315 1342 1344 1371 1778 1344 909 1316 1343 1345 1372 1779 1345 910 1317 1344 1346 1373 1780 1346 911 1318 1345
4789 4791 4817 5292 4791 4350 4764 4790 4792 4818 5293 4792 4351 4765 4791 4819 5294 4793 4766 4794 4820 5296 4794 4767 4793 4795 4821 5297 4795 4768 4794 4796 4822 5298 4796 4769 4795 4797 4823 5299 4797 4770 4796 4798 4824 5300 4798 4771 4797 4799 4825 5301 4799 4772 4798 4800 4826 5302 4800 4773 4799 4801 4827 5303 4801 4774 4800 4802 4828 5304 4802 4775 4801 4803 4829 5305 4803
8258 8260 8288 8810 8260 7709 8231 8259 8261 8289 8811 8261 7710 8232 8260 8262 8290 8812 8262 7711 8233 8261 8263 8291 8813 8263 7712 8234 8262 8264 8292 8814 8264 7713 8235 8263 8293 8815 8265 7714 8236 8266 8294 8816 8266 7715 8237 8265 8267 8295 8817 8267 7716 8238 8266 8268 8296 8818 8268 7717 8239 8267 8269 8297 8819 8269 7718 8240 8268 8270 8298 8820 8270 7719 8241 8269 8271
11721 11754 12386 11721 11074 11687 11720 11722 11755 12387 11722 11075 11688 11721 11723 11756 12388 11723 11076 11689 11722 11724 11757 12389 11724 11077 11690 11723 11725 11758 12390 11725 11078 11691 11724 11726 11759 12391 11726 11079 11692 11725 11727 11760 12392 11727 11080 11693 11726 11728 11761 12393 11728 11081 11694 11727 11729 11762 12394 11729 11082 11695 11728 11730 11763 12395 11730 11083 11696 11729 11731 11764 12396 11731 11084 11697 11730
15206 15877 15170 14475 15133 15169 15171 15207 15878 15171 14476 15134 15170 15172 15208 15879 15172 14477 15135 15171 15173 15209 15880 15173 14478 15136 15172 15174 15210 15881 15174 14479 15137 15173 15175 15211 15882 15175 15138 15174 15212 15883 15176 14480 15139 15177 15213 15884 15177 14481 15140 15176 15178 15214 15885 15178 14482 15141 15177 15179 15215 15886 15179 14483 15142 15178 15180 15216 15887 15180 14484 15143 15179 15181 15217 15888 15181
18654 19336 18617 17897 18579 18616 18618 18655 19337 18618 17898 18580 18617 18619 18656 19338 18619 17899 18581 18618 18620 18657 19339 18620 17900 18582 18619 18621 18658 19340 18621 17901 18583 18620 18622 18659 19341 18622 17902 18584 18621 18623 18660 19342 18623 17903 18585 18622 18624 18661 19343 18624 17904 18586 18623 18625 18662 19344 18625 17905 18587 18624 18626 18663 19345 18626 17906 18588 18625 18627 18664 19346 18627 17907 18589 18626 18628
21330 22016 22049 22051 22081 22770 22051 21331 22017 22050 22052 22082 22771 22052 21332 22018 22051 22053 22083 22772 22053 21333 22019 22052 22054 22084 22773 22054 21334 22020 22053 22055 22085 22774 22055 21335 22021 22054 22056 22086 22775 22056 21336 22022 22055 22057 22087 22776 22057 21337 22023 22056 22058 22088 22777 22058 21338 22024 22057 22059 22089 22778 22059 21339 22025 22058 22060 22090 22779 22060 21340 22026 22059 22061 22091 22780 22061
0.168187 1.81667 0.00996798 -4.19662 0.0105583 1.92426 0.168187 0.158798 1.92425 0.0105583 -4.40758 0.0111837 2.03825 0.158798 0.149935 2.03823 0.0111837 -4.63297 0.0118457 2.1589 0.149935 0.141566 2.15888 0.0118457 -4.87381 0.0125472 2.28675 0.141566 0.133662 2.28674 0.0125472 -5.13073 0.0132902 2.42215 0.133662 0.126201 2.42214 0.0132902 -5.40449 0.0140767 2.5655 0.126201 0.119156 2.56548 0.0140767 -5.69625 0.0149101 2.71739 0.119156 0.112503 2.71738 0.0149101 -5.90057 0.0157927 2.87825 0.112503 2.87823 0.0157927 -1.13572 0.00374374 0.68229 0.445942 0.00374374 -1.59789 0.00396653 0.722892 0.445942 0.421121 0.00396652 -1.593 0.00420186 0.765781 0.421121 0.397696 0.00420186 -1.59338 0.00445122
0.0755183 0.0233727 0.0220698 0.0755131 0.075513 -0.362884 0.079992 0.0799977 0.0220698 0.0208401 0.0799921 0.0799921 -0.379445 0.0847299 0.0847363 0.0208401 0.0196784 0.08473 0.0847299 -0.397289 0.0897561 0.0897611 0.0196784 0.0185807 0.0897563 0.0897563 -0.416434 0.0950755 0.0950819 0.0185807 0.0175445 0.0950758 0.0950758 -0.436954 0.100709 0.100716 0.0175445 0.016566 0.100709 0.100709 -0.458916 0.106676 0.10668 0.016566 0.0156419 0.106676 0.106676 -0.482402 0.112996 0.113001 0.0156419 0.0147691 0.112996 0.112997 -0.507478 0.119689 0.119698 0.0147691 0.0139452 0.119689 0.119689 -0.534212 0.126776 0.126776 0.0139452 0.0131671 0.126775 0.126774 -0.562739 0.134286 0.134283 0.0131671 0.0124323 0.134286 0.134285 -0.593129 0.142236
-0.340738 0.159595 0.0110839 0.0104651 0.159594 -0.358426 0.169041 0.0104651 0.00988041 0.16904 -0.377294 0.179043 0.00988041 0.00932868 0.179042 -0.388602 0.189637 0.00932868 0.189636 -4.92505 1.48045 1.96322 0.000923428 1.48045 -7.65415 2.0148 1.96322 1.66008 0.00125673 2.0148 -7.51629 2.14213 1.66008 1.57061 0.00133615 2.14213 -7.59393 2.26934 1.57061 1.48322 0.0014155 2.26934 -7.69415 2.40438 1.48322 1.40066 0.00149973 2.40439 -7.81908 2.54703 1.40066 1.32275 0.00158871 2.54704 -7.96993 2.69819 1.32275 1.24912 0.00168299 2.69819 -8.14701 2.85829 1.24912 1.17952 0.00178286 2.8583 -8.35125 3.02802 1.17952 1.11379 0.00188873 3.02803 -8.58272 3.2076 1.11379 1.05172 0.00200074
-0.226713 0.0328901 0.0328902 0.051538 0.0436155 0.0328901 0.0328893 -0.259551 0.0447627 0.044763 0.0436155 0.036885 0.0447628 0.0447618 -0.262186 0.0475999 0.0476006 0.036885 0.0349005 0.0476006 0.0475999 -0.269565 0.0504259 0.050427 0.0349005 0.0329582 0.0504268 0.0504263 -0.277792 0.0534267 0.0534279 0.0329582 0.031124 0.0534277 0.0534272 -0.286908 0.056597 0.0565983 0.031124 0.0293932 0.0565982 0.0565976 -0.296982 0.0599571 0.0599583 0.0293932 0.0277575 0.0599584 0.0599576 -0.308036 0.063516 0.0635171 0.0277575 0.0262116 0.0635174 0.0635164 -0.320123 0.0672894 0.0672904 0.0262116 0.0247515 0.0672908 0.0672897 -0.333253 0.0712817 0.0712825 0.0247515 0.0233723 0.0712831 0.0712817 -0.34749 0.0755115 0.0755124 0.0233723 0.0220695 0.075513 0.0755115
0.0950755 0.0950778 0.0185804 0.0175441 0.0950737 0.0950748 -0.436948 0.100708 0.100715 0.0175441 0.0165657 0.100707 0.100708 -0.458912 0.106676 0.106678 0.0165657 0.0156416 0.106674 0.106676 -0.482393 0.112996 0.112998 0.0156416 0.0147688 0.112994 0.112995 -0.507467 0.119688 0.119694 0.0147688 0.0139448 0.119685 0.119687 -0.534213 0.126774 0.12678 0.0139448 0.0131668 0.126772 0.126774 -0.562739 0.134283 0.134289 0.0131668 0.012432 0.134282 0.134285 -0.593116 0.142237 0.142238 0.012432 0.011738 0.142235 0.142237 -0.625471 0.150664 0.150665 0.011738 0.0110829 0.150661 0.150661 -0.659875 0.159582 0.159589 0.0110829 0.0104642 0.159578 0.159578 -0.69647 0.169031 0.169039 0.0104642 0.00987992 0.169027 0.169028 -0.73536
0.280489 0.859052 0.81113 0.474956 0.0214995 -2.42279 0.0227739 0.297112 0.81113 0.765893 0.503106 0.0227737 -2.38494 0.0241232 0.314715 0.765893 0.723175 0.532913 0.024123 -2.35496 0.0255524 0.333361 0.723175 0.682831 0.564486 0.0255522 -2.33273 0.0270661 0.35311 0.682831 0.644734 0.597927 0.027066 -2.31821 0.0286694 0.374026 0.644734 0.608766 0.633346 0.0286692 -2.31131 0.0303667 0.39617 0.608766 0.574797 0.670842 0.0303666 -2.31206 0.0321656 0.419638 0.574797 0.542716 0.710581 0.0321653 -2.32042 0.0340702 0.444488 0.542716 0.51242 0.752659 0.0340702 -2.33648 0.0360885 0.470818 0.51242 0.483819 0.797244 0.0360883 -2.3602 0.0382247 0.498686 0.483819 0.456813 0.844434 0.0382245 -2.39176 0.0404885
