data/processor2/gnn/A_csr_10400.dat
nRows 23533
nCols 23533
[rows 0 to 13 of 14, columns 22407 to 22483 of 23533]
152205 152212 152219 152226 152233 152240 152247 152254 152261 152268 152275 152282 152289 152296 152303 152310 152317 152324 152331 152338 152345 152352 152359 152366 152373 152380 152387 152394 152401 152408 152415 152421 152427 152434 152441 152448 152455 152462 152469 152476 152483 152490 152497 152504 152511 152518 152525 152532 152539 152546 152553 152560 152567 152574 152581 152588 152595 152602 152609 152616 152623 152630 152637 152644 152651 152658 152665 152672 152679 152685 152691 152698 152705 152712 152719 152726 152733
3358 2923 3332 3357 3359 3384 3793 3359 2924 3333 3358 3360 3385 3794 3360 2925 3334 3359 3361 3386 3795 3361 2926 3335 3360 3362 3387 3796 3362 2927 3336 3361 3363 3388 3797 3363 2928 3337 3362 3364 3389 3798 3364 2929 3338 3363 3365 3390 3799 3365 2930 3339 3364 3366 3391 3800 3366 2931 3340 3365 3367 3392 3801 3367 2932 3341 3366 3368 3393 3802 3368 2933 3342 3367 3369 3394 3803
6317 6793 6820 6822 6849 7325 6822 6318 6794 6821 6823 6850 7326 6823 6319 6795 6822 6824 6851 7327 6824 6320 6796 6823 6825 6852 7328 6825 6321 6797 6824 6826 6853 7329 6826 6322 6798 6825 6827 6854 7330 6827 6323 6799 6826 6828 6855 7331 6828 6324 6800 6827 6829 6856 7332 6829 6325 6801 6828 6830 6857 7333 6830 6326 6802 6829 6831 6858 7334 6831 6327 6803 6830 6832 6859 7335 6832
9675 10289 10291 10321 10904 10291 9676 10290 10292 10322 10905 10292 9677 10291 10293 10323 10906 10293 9678 10292 10294 10324 10907 10294 9679 10293 10295 10325 10908 10295 9680 10294 10296 10326 10909 10296 9681 10295 10297 10327 10910 10297 9682 10296 10298 10328 10911 10298 9683 10297 10329 10912 10299 9684 10268 10300 10330 10914 10300 9685 10269 10299 10301 10331 10915 10301 9686 10270 10300 10302 10332 10916 10302 9687 10271 10301 10303
13744 13779 14432 13744 13052 13708 13743 13745 13780 14433 13745 13053 13709 13744 13746 13781 14434 13746 13054 13710 13745 13747 13782 14435 13747 13055 13711 13746 13748 13783 14436 13748 13056 13712 13747 13749 13784 14437 13749 13057 13713 13748 13750 13785 14438 13750 13058 13714 13749 13751 13786 14439 13751 13059 13715 13750 13752 13787 14440 13752 13060 13716 13751 13753 13788 14441 13753 13061 13717 13752 13754 13789 14442 13754 13062 13718 13753
17228 17910 17191 16471 17153 17190 17192 17229 17911 17192 16472 17154 17191 17193 17230 17912 17193 16473 17155 17192 17194 17231 17913 17194 16474 17156 17193 17195 17232 17914 17195 16475 17157 17194 17196 17233 17915 17196 16476 17158 17195 17197 17234 17916 17197 16477 17159 17196 17198 17235 17917 17198 16478 17160 17197 17199 17236 17918 17199 16479 17161 17198 17200 17237 17919 17200 16480 17162 17199 17201 17238 17920 17201 16481 17163 17200 17202
20623 20625 21344 20625 19905 20591 20624 20626 21345 20626 19906 20592 20625 21346 20627 19907 20596 20628 21347 20628 19908 20597 20627 20629 21348 20629 19909 20598 20628 20630 21349 20630 19910 20599 20629 20631 21350 20631 19911 20600 20630 20632 21351 20632 19912 20601 20631 20633 21352 20633 19913 20602 20632 20634 21353 20634 19914 20603 20633 20635 21354 20635 19915 20604 20634 20636 21355 20636 19916 20605 20635 20637 21356 20637 19917 20606 20636
0.141567 2.15888 0.0118458 -4.87387 0.0125474 2.28681 0.141567 0.133664 2.28674 0.0125474 -5.13079 0.0132903 2.42221 0.133664 0.126203 2.42214 0.0132903 -5.40455 0.0140769 2.56556 0.126203 0.119158 2.56548 0.0140768 -5.69632 0.0149103 2.71746 0.119158 0.112505 2.71738 0.0149103 -5.90064 0.0157929 2.87832 0.112505 2.87823 0.0157929 -1.81801 0.00374371 0.682292 0.445937 0.682296 0.0037437 -2.32078 0.00396649 0.722893 0.445937 0.421117 0.722898 0.00396648 -2.35878 0.00420182 0.765783 0.421117 0.397692 0.765788 0.00420182 -2.40461 0.00445118 0.811228 0.397692 0.375554 0.811233 0.00445117 -2.45835 0.0047153 0.859364 0.375554 0.35463 0.859369 0.00471529 -2.52028 0.0049953 0.910394 0.35463 0.334868 0.9104
0.0566027 -0.297037 0.0599934 0.0599646 0.0293957 0.0277594 0.0599618 0.0599619 -0.308085 0.0635506 0.0635227 0.0277594 0.0262128 0.0635199 0.0635199 -0.320173 0.0673297 0.067295 0.0262128 0.0247521 0.0672918 0.0672918 -0.333291 0.0713161 0.0712858 0.0247521 0.0233725 0.0712825 0.0712825 -0.347538 0.0755566 0.0755159 0.0233725 0.0220694 0.075512 0.0755119 -0.362925 0.08004 0.0799947 0.0220694 0.0208397 0.0799906 0.0799905 -0.379484 0.0847783 0.0847326 0.0208397 0.019678 0.084728 0.0847279 -0.397356 0.0898298 0.0897594 0.019678 0.0185803 0.0897542 0.0897542 -0.416482 0.0951312 0.0950787 0.0185803 0.0175442 0.095074 0.095074 -0.437021 0.100784 0.100713 0.0175442 0.0165657 0.100707 0.100707 -0.459 0.106765 0.106679 0.0165657 0.0156416 0.106674
0.0798691 0.0208406 0.01968 0.0847293 0.084734 -0.39219 0.0897686 0.0846286 0.01968 0.0185828 0.0897603 0.0897694 -0.411012 0.0950846 0.089633 0.0185828 0.0175461 0.0950789 0.0950871 -0.431205 0.10072 0.0949391 0.0175461 0.0165679 0.100713 0.100719 -0.452862 0.106691 0.100585 0.0165679 0.0156435 0.106682 0.106693 -0.47594 0.113003 0.106519 0.0156435 0.0147701 0.112998 0.113006 -0.500626 0.119699 0.112821 0.0147701 0.0139466 0.119692 0.119697 -0.527024 0.126793 0.119538 0.0139466 0.0131684 0.126783 0.126795 -0.555064 0.134292 0.126587 0.0131684 0.0124326 0.134287 0.134297 -0.584944 0.142242 0.134053 0.0124326 0.011739 0.142237 0.14224 -0.616916 0.150685 0.142053 0.011739 0.0110844 0.150671 0.150683 -0.650803 0.159599
0.27078 0.0556175 0.0236767 0.02235 0.0941439 0.270781 -0.775991 0.286927 0.0589329 0.02235 0.0211127 0.0997409 0.286927 -0.817403 0.304094 0.0624518 0.0211127 0.0199388 0.10571 0.304096 -0.860953 0.32205 0.0661355 0.0199388 0.0188142 0.111972 0.322042 -0.906526 0.340744 0.0699884 0.0188142 0.0177467 0.118481 0.340751 -0.955145 0.360563 0.0740841 0.0177467 0.0167494 0.125362 0.36064 -1.00783 0.381967 0.0784835 0.0167494 0.0158207 0.132774 0.382035 -1.06451 0.404897 0.0831789 0.0158207 0.0149475 0.140736 0.404927 -0.681417 0.0881425 0.0149475 0.14917 0.429158 -0.185427 0.0371505 0.0218977 0.0580494 0.0311787 0.0371504 -0.243323 0.0371527 0.021899 0.0580494 0.0578896 0.0311797 0.0371528 -0.233561 0.0369461 0.0217773 0.0578896
0.200871 -0.854956 0.212754 0.200519 0.00831632 0.00785231 0.212759 0.212756 -0.903818 0.22537 0.212453 0.00785231 0.00741407 0.225359 0.22537 -0.948483 0.238695 0.224989 0.00741407 0.23869 0.238696 -0.184004 0.0330792 0.0330797 0.0516866 0.0330792 0.0330792 -0.235688 0.0330787 0.0330793 0.0516866 0.0516866 0.0330787 0.0330787 -0.23569 0.0330791 0.0330799 0.0516866 0.0516862 0.0330791 0.0330791 -0.23569 0.0330792 0.03308 0.0516862 0.0516866 0.0330792 0.0330792 -0.235544 0.0330787 0.0330797 0.0516866 0.0515418 0.0330787 0.0330787 -0.226739 0.0328937 0.0328951 0.0515418 0.0436212 0.0328933 0.0328939 -0.259582 0.0447675 0.0447697 0.0436212 0.0368887 0.044767 0.0447677 -0.262207 0.0476033 0.0476049 0.0368887 0.0349033 0.0476032 0.0476033 -0.26959
0.627671 0.384479 0.363023 1.06283 0.0481121 -2.64217 0.0947909 0.664845 0.363023 0.342773 1.12578 0.0509609 -2.71761 0.100445 0.70423 0.342773 0.323638 1.19254 0.053979 -2.80164 0.106357 0.745886 0.323638 0.305552 1.26303 0.0571725 -2.60635 0.112623 0.789994 0.305552 1.33762 0.0605539 -1.81618 0.00869465 0.175032 1.33152 0.296254 0.00467602 -3.14772 0.00869488 0.175033 1.33152 1.33154 0.296256 0.00467605 -3.14775 0.00869524 0.175031 1.33154 1.33155 0.296254 0.004676 -3.14777 0.00869573 0.175035 1.33155 1.33155 0.296261 0.00467609 -3.14779 0.00869601 0.175036 1.33155 1.33157 0.296262 0.00467611 -3.14417 0.00869644 0.175035 1.33157 1.32793 0.296262 0.00467607 -2.93389 0.00864854 0.17408 1.32793
0.29711 -8.53673 0.314697 0.0605947 3.98322 3.76088 0.102636 0.314697 -8.15136 0.333334 0.0641833 3.76088 3.55091 0.108714 0.333334 -7.79289 0.353071 0.0679836 3.55091 3.3527 0.115151 0.353071 -7.46015 0.373966 0.0720069 3.3527 3.16554 0.121966 0.373966 -7.15202 0.396108 0.0762703 3.16554 2.9888 0.129187 0.396108 -6.86747 0.419555 0.0807851 2.9888 2.82194 0.136834 0.419555 -6.6056 0.444387 0.0855664 2.82194 2.66439 0.144933 0.444387 -6.36555 0.470691 0.0906313 2.66439 2.51563 0.153512 0.470691 -3.77132 0.498547 0.0959949 2.51563 0.162597 0.498547 -11.1012 0.0385124 0.0212754 10.9669 0.0360363 0.0385124 -22.0682 0.0385124 0.0212754 10.9669 10.967 0.0360363 0.0385124 -22.0683
