data/processor2/gnn/A_csr_10600.dat
nRows 23533
nCols 23533
[rows 0 to 13 of 14, columns 2849 to 2925 of 23533]
18913 18920 18927 18934 18941 18948 18955 18962 18969 18976 18983 18990 18997 19004 19011 19018 19024 19029 19036 19043 19050 19057 19064 19071 19078 19085 19092 19099 19106 19113 19120 19127 19134 19141 19148 19155 19162 19169 19176 19183 19190 19197 19204 19210 19216 19223 19230 19237 19244 19251 19258 19265 19272 19279 19286 19293 19300 19307 19314 19321 19328 19335 19342 19349 19356 19363 19370 19377 19384 19390 19396 19403 19410 19417 19424 19431 19438
484 486 513 920 486 51 458 485 487 514 921 487 52 459 486 488 515 922 488 53 460 487 489 516 923 489 54 461 488 490 517 924 490 55 462 489 518 925 491 56 463 492 519 926 492 57 464 491 493 520 927 493 58 465 492 494 521 928 494 59 466 493 495 522 929 495 60 467 494 496 523 930 496 61 468 495 497
4384 3948 3513 3920 3947 3949 3976 4385 3949 3514 3921 3948 3950 3977 4386 3950 3515 3922 3949 3951 3978 4387 3951 3516 3923 3950 3952 3979 4388 3952 3517 3924 3951 3953 3980 4389 3953 3518 3925 3952 3954 3981 4390 3954 3519 3926 3953 3955 3982 4391 3955 3520 3927 3954 3956 3983 4392 3956 3521 3928 3955 3957 3984 4393 3957 3522 3929 3956 3958 3985 4394 3958 3523 3930 3957 3959 3986
7964 7414 6881 7413 7415 7443 7965 7415 6882 7414 7416 7444 7966 7416 6883 7415 7417 7445 7967 7417 6884 7416 7418 7446 7968 7418 6885 7417 7419 7447 7969 7419 6886 7418 7420 7448 7970 7420 6887 7419 7421 7449 7971 7421 6888 7420 7422 7450 7972 7422 6889 7421 7423 7451 7973 7423 6890 7422 7452 7974 7424 7395 7425 7453 7975 7425 6891 7396 7424 7426 7454 7976 7426 6892 7397 7425 7427
10867 10253 10839 10866 10868 11500 10868 10254 10840 10867 10869 11501 10869 10255 10841 10868 10870 11502 10870 10256 10842 10869 10871 11503 10871 10257 10843 10870 10872 11504 10872 10258 10844 10871 10873 11505 10873 10259 10845 10872 10874 11506 10874 10260 10846 10873 10875 11507 10875 10261 10847 10874 10876 11508 10876 10262 10848 10875 10877 11509 10877 10263 10849 10876 10878 11510 10878 10264 10850 10877 10879 11511 10879 10265 10851 10878 10880
14327 14362 15017 14327 13638 14291 14326 14328 14363 15018 14328 13639 14292 14327 14329 14364 15019 14329 13640 14293 14328 14330 14365 15020 14330 13641 14294 14329 14331 14366 15021 14331 13642 14295 14330 14332 14367 15022 14332 13643 14296 14331 14333 14368 15023 14333 13644 14297 14332 14334 14369 15024 14334 13645 14298 14333 14335 14370 15025 14335 13646 14299 14334 14371 15026 14336 13647 14300 14337 14372 15028 14337 13648 14301 14336 14338 14373
18487 17768 17048 17737 17767 17769 18488 17769 17049 17738 17768 17770 18489 17770 17050 17739 17769 17771 18490 17771 17051 17740 17770 17772 18491 17772 17052 17741 17771 18492 17773 17053 17774 17811 18493 17774 17054 17773 17775 17812 18494 17775 17055 17774 17776 17813 18495 17776 17056 17775 17777 17814 18496 17777 17057 17776 17778 17815 18497 17778 17058 17777 17779 17816 18498 17779 17059 17778 17780 17817 18499 17780 17060 17779 17781 17818 18500
21207 20487 21173 21206 21208 21241 21927 21208 20488 21174 21207 21209 21242 21928 21209 20489 21175 21208 21210 21243 21929 21210 20490 21176 21209 21244 21930 21211 20491 21177 21212 21245 21931 21212 20492 21178 21211 21213 21246 21932 21213 20493 21179 21212 21214 21247 21933 21214 20494 21180 21213 21215 21248 21934 21215 20495 21181 21214 21216 21249 21935 21216 20496 21182 21215 21217 21250 21936 21217 20497 21183 21216 21218 21251 21937 21218 20498
0.211611 0.00791868 -1.95685 0.00838781 1.52866 0.211611 0.199804 0.00838781 -2.02544 0.00888465 1.61921 0.199804 0.188658 0.00888464 -2.10069 0.00941067 1.71508 0.188658 0.178131 0.00941067 -2.18292 0.0099681 1.81667 0.178131 0.168189 0.0099681 -2.27236 0.0105584 1.92425 0.168189 0.1588 0.0105584 -2.36934 0.0111838 2.03824 0.1588 0.149937 0.0111838 -2.47408 0.0118458 2.15888 0.149937 0.141567 0.0118458 -2.58706 0.0125474 2.28674 0.141567 0.133664 0.0125474 -2.70858 0.0132903 2.42214 0.133664 0.126203 0.0132903 -2.83899 0.0140768 2.56548 0.126203 0.119158 0.0140768 -2.97886 0.0149103 2.71738 0.119158 0.112505 0.0149103 -3.02232 0.0157929 2.87823 0.112505 0.0157929 -22.7751 0.149563 22.459 0.0170021
0.0165647 0.0156408 0.106669 0.10667 -0.482372 0.11299 0.112991 0.0156408 0.0147683 0.112991 0.112991 -0.507452 0.119684 0.119685 0.0147683 0.0139446 0.119685 0.119685 -0.534198 0.126771 0.126772 0.0139446 0.0131665 0.126771 0.126772 -0.562723 0.134281 0.134281 0.0131665 0.0124317 0.134281 0.134282 -0.5931 0.142232 0.142233 0.0124317 0.0117377 0.142232 0.142233 -0.625451 0.150657 0.150658 0.0117377 0.0110825 0.150657 0.150658 -0.659851 0.159576 0.159577 0.0110825 0.010464 0.159576 0.159576 -0.696451 0.169026 0.169027 0.010464 0.00987972 0.169026 0.169027 -0.735344 0.179033 0.179035 0.00987972 0.00932822 0.179033 0.179035 -0.776651 0.189629 0.189629 0.00932822 0.00880752 0.189628 0.189629 -0.820558 0.200858 0.200859
0.0165716 0.100746 0.100745 -0.45906 0.106711 0.106696 0.0165716 0.0156465 0.106719 0.106716 -0.482514 0.11302 0.113017 0.0156465 0.014772 0.113032 0.113027 -0.507547 0.119703 0.119704 0.014772 0.0139465 0.119713 0.119709 -0.534254 0.126781 0.126788 0.0139465 0.0131674 0.126786 0.126785 -0.562749 0.134285 0.134291 0.0131674 0.012432 0.134287 0.134287 -0.59312 0.142237 0.14224 0.012432 0.011738 0.142236 0.142237 -0.625468 0.150661 0.150666 0.011738 0.0110827 0.150659 0.150661 -0.659863 0.159577 0.159587 0.0110827 0.010464 0.159575 0.159577 -0.696461 0.169029 0.169034 0.010464 0.00987987 0.169026 0.169028 -0.735355 0.179038 0.179036 0.00987987 0.00932836 0.179035 0.179038 -0.77667 0.189631 0.189645 0.00932836
1.09809 -2.49224 1.16286 0.0290138 0.0454583 0.0429124 0.0491401 1.16286 -2.58866 1.23149 0.0307277 0.0429124 0.0520294 1.2315 -0.294087 0.00764054 0.166775 0.0129374 0.106734 -0.460868 0.00764075 0.166775 0.166777 0.012938 0.106737 -0.567618 0.106741 0.00764088 0.166777 0.166781 0.0129385 0.10674 -0.56716 0.10674 0.00764082 0.166781 0.16632 0.0129386 0.106739 -0.539853 0.106151 0.00759881 0.16632 0.140766 0.0128669 0.10615 -0.576595 0.144467 0.0103417 0.140766 0.119041 0.0175116 0.144467 -0.56854 0.153623 0.0109967 0.119041 0.112635 0.0186227 0.153621 -0.57587 0.162744 0.0116497 0.112635 0.10637 0.0197284 0.162742 -0.584951 0.172441 0.0123435 0.10637 0.100453 0.0209049 0.172438 -0.595875 0.182669 0.0130758
0.0700358 0.577766 -1.40047 0.611985 0.0438069 0.0301037 0.0284236 0.0741829 0.611972 -1.47664 0.648211 0.0463996 0.0284236 0.026835 0.0785779 0.648192 -1.55754 0.686488 0.0491418 0.026835 0.025333 0.0832241 0.686515 -1.64336 0.726947 0.0520423 0.025333 0.0239175 0.0881133 0.727005 -1.73518 0.770083 0.0551285 0.0239175 0.0225856 0.0933398 0.770124 -0.995721 0.0583995 0.0225856 0.0988931 0.815843 -0.259233 0.0629884 0.0129375 0.0984203 0.0218974 0.0629892 -0.357657 0.0629888 0.0129375 0.0984203 0.0984228 0.0218976 0.0629895 -0.357668 0.0629919 0.012938 0.0984228 0.0984248 0.0218987 0.0629923 -0.357677 0.0629934 0.0129383 0.0984248 0.098428 0.0218992 0.0629936 -0.357411 0.0629943 0.0129384 0.098428 0.0981562 0.0218996 0.0629945 -0.341168
0.0622104 -13.0721 0.0659012 0.036406 6.60481 6.23741 0.0616644 0.0659014 -12.3711 0.0698121 0.0385665 6.23741 5.8902 0.0653238 0.0698123 -11.7102 0.0739546 0.0408549 5.8902 5.56204 0.0692 0.0739548 -11.0874 0.0783462 0.043281 5.56204 5.25209 0.0733093 0.0783464 -10.501 0.0829926 0.0458478 5.25209 4.95938 0.077657 0.0829929 -9.94892 0.0879171 0.0485682 4.95938 4.68287 0.0822649 0.0879173 -9.42965 0.0931312 0.0514487 4.68287 4.42193 0.0871438 0.0931315 -8.94142 0.0986465 0.0544955 4.42193 4.1754 0.0923045 0.0986468 -8.48239 0.104498 0.0577279 4.1754 3.94248 0.0977797 0.104498 -8.05119 0.110691 0.0611492 3.94248 3.72261 0.103575 0.110691 -7.64657 0.117249 0.0647722 3.72261 3.51498 0.109711
