data/processor2/gnn/A_csr_10200.dat
nRows 23533
nCols 23533
[rows 0 to 13 of 14, columns 10395 to 10471 of 23533]
70165 70171 70178 70185 70192 70199 70206 70213 70220 70227 70234 70241 70248 70255 70262 70269 70276 70283 70290 70297 70304 70311 70318 70325 70332 70339 70346 70353 70360 70367 70374 70380 70386 70393 70400 70407 70414 70421 70428 70435 70442 70449 70456 70463 70470 70477 70484 70491 70498 70505 70512 70519 70526 70533 70540 70547 70554 70561 70568 70575 70582 70589 70595 70601 70608 70615 70622 70629 70636 70643 70650 70657 70664 70671 70678 70685 70692
1590 1592 1617 2026 1592 1157 1566 1591 1593 1618 2027 1593 1158 1567 1592 1594 1619 2028 1594 1159 1568 1593 1595 1620 2029 1595 1160 1569 1594 1596 1621 2030 1596 1161 1570 1595 1597 1622 2031 1597 1162 1571 1596 1598 1623 2032 1598 1163 1572 1597 1599 1624 2033 1599 1164 1573 1598 1600 1625 2034 1600 1165 1574 1599 1601 1626 2035 1601 1166 1575 1600 1602 1627 2036 1602 1167 1576
5565 5062 4567 5034 5061 5063 5090 5566 5063 4568 5035 5062 5064 5091 5567 5064 4569 5036 5063 5065 5092 5568 5065 4570 5037 5064 5066 5093 5569 5066 4571 5038 5065 5067 5094 5570 5067 4572 5039 5066 5068 5095 5571 5068 4573 5040 5067 5069 5096 5572 5069 4574 5041 5068 5070 5097 5573 5070 4575 5042 5069 5098 5574 5071 4576 5043 5072 5099 5575 5072 4577 5044 5071 5073 5100 5576 5073
9100 8523 7972 8522 8524 8552 9101 8524 7973 8523 8525 8553 9102 8525 7974 8524 8554 9103 8526 7975 8497 8527 8555 9104 8527 7976 8498 8526 8528 8556 9105 8528 7977 8499 8527 8529 8557 9106 8529 7978 8500 8528 8530 8558 9107 8530 7979 8501 8529 8531 8559 9108 8531 7980 8502 8530 8532 8560 9109 8532 7981 8503 8531 8533 8561 9110 8533 7982 8504 8532 8534 8562 9111 8534 7983 8505 8533
11978 12009 12649 11978 11319 11946 11977 11979 12010 12650 11979 11320 11947 11978 11980 12011 12651 11980 11321 11948 11979 11981 12012 12652 11981 11322 11949 11980 11982 12013 12653 11982 11323 11950 11981 11983 12014 12654 11983 11324 11951 11982 11984 12015 12655 11984 11325 11952 11983 11985 12016 12656 11985 11326 11953 11984 11986 12017 12657 11986 11327 11954 11985 11987 12018 12658 11987 11328 11955 11986 11988 12019 12659 11988 11329 11956 11987
14724 15392 15425 15427 15460 16134 15427 14725 15393 15426 15428 15461 16135 15428 15394 15427 15462 16136 15429 14726 15395 15430 15463 16137 15430 14727 15396 15429 15431 15464 16138 15431 14728 15397 15430 15432 15465 16139 15432 14729 15398 15431 15433 15466 16140 15433 14730 15399 15432 15434 15467 16141 15434 14731 15400 15433 15435 15468 16142 15435 14732 15401 15434 15436 15469 16143 15436 14733 15402 15435 15437 15470 16144 15437 14734 15403 15436
18870 18872 18909 19591 18872 18152 18834 18871 18910 19592 18873 18153 18835 18874 18911 19593 18874 18154 18836 18873 18875 18912 19594 18875 18155 18837 18874 18876 18913 19595 18876 18156 18838 18875 18877 18914 19596 18877 18157 18839 18876 18878 18915 19597 18878 18158 18840 18877 18879 18916 19598 18879 18159 18841 18878 18880 18917 19599 18880 18160 18842 18879 18881 18918 19600 18881 18161 18843 18880 18882 18919 19601 18882 18162 18844 18881 18883
22315 21595 22277 22314 22316 22353 23035 22316 21596 22278 22315 22317 22354 23036 22317 21597 22279 22316 22318 22355 23037 22318 21598 22280 22317 22319 22356 23038 22319 21599 22281 22318 22320 22357 23039 22320 21600 22282 22319 22358 23040 22321 21601 22283 22322 22359 23041 22322 21602 22284 22321 22323 22360 23042 22323 21603 22285 22322 22324 22361 23043 22324 21604 22286 22323 22325 22362 23044 22325 21605 22287 22324 22326 22363 23045 22326 21606
0.764664 0.397716 0.375576 0.811251 0.00445144 -2.40909 0.00471558 0.810038 0.375576 0.354652 0.859389 0.00471558 -2.46809 0.0049956 0.85814 0.354652 0.334889 0.910421 0.0049956 -2.53514 0.00529187 0.909033 0.334889 0.316225 0.964414 0.00529188 -2.61064 0.00560586 0.962971 0.316225 0.298594 1.02164 0.00560587 -2.69474 0.00593833 1.02008 0.298594 0.281955 1.08223 0.00593835 -2.78758 0.00629 1.08049 0.281955 0.266236 1.14632 0.00629002 -2.88984 0.0066631 1.14458 0.266236 0.251384 1.21431 0.00666312 -3.00156 0.00705799 1.21242 0.251384 0.237364 1.28628 0.00705802 -3.12318 0.00747616 1.28425 0.237364 0.224125 1.36249 0.00747618 -3.25513 0.00791908 1.36034 0.224125 0.211622 1.44321 0.00791911 -3.39785 0.00838823
0.0037689 6.04237 -13.8919 6.40017 0.559398 0.528172 0.00399209 6.40021 -14.5897 6.77928 0.528172 0.498691 0.00422856 6.77932 -15.3352 7.18056 0.498691 0.470855 0.00447886 7.18061 -16.1318 7.60582 0.470855 0.444567 0.00474411 7.60586 -16.9817 8.05616 0.444567 0.419752 0.00502501 8.0562 -17.8873 8.53293 0.419752 0.39632 0.0053224 8.53298 -18.8525 9.03814 0.39632 0.374192 0.00563753 9.0382 -19.5265 9.57315 0.374192 0.00597124 9.57321 -3.36247 1.1895 0.00125672 0.980078 0.00212862 1.18951 -4.4403 1.26468 0.00133615 0.980078 0.927262 0.00226316 1.26468 -4.48631 1.33978 0.00141549 0.927262 0.875664 0.00239757 1.33979 -4.54566 1.41951 0.00149973 0.875664 0.826927 0.00254024 1.41952 -4.6196
0.169028 -0.725142 0.179058 0.168765 0.0098806 0.00932968 0.179057 0.179052 -0.76591 0.189664 0.178792 0.00932968 0.00880878 0.189653 0.189663 -0.809092 0.200876 0.189343 0.00880878 0.00831647 0.200871 0.200877 -0.847128 0.212761 0.200534 0.00831647 0.212756 0.212761 -0.1752 0.0328937 0.032893 0.043621 0.0328977 0.0328942 -0.259581 0.0447671 0.044766 0.043621 0.0368877 0.0447719 0.0447677 -0.262196 0.0476015 0.0476013 0.0368877 0.0349012 0.0476028 0.0476017 -0.26957 0.0504271 0.0504268 0.0349012 0.0329586 0.0504289 0.0504274 -0.277796 0.0534274 0.0534283 0.0329586 0.0311241 0.0534298 0.0534278 -0.286912 0.0565974 0.0565997 0.0311241 0.029393 0.0565998 0.0565977 -0.296984 0.0599571 0.0599603 0.029393 0.0277573 0.0599592 0.0599575 -0.308041
0.179044 0.179041 -0.776705 0.189641 0.189644 0.00932884 0.00880819 0.189643 0.18964 -0.820615 0.200872 0.200874 0.00880819 0.00831645 0.200874 0.20087 -0.867221 0.212763 0.212765 0.00831645 0.0078521 0.212765 0.21276 -0.909259 0.225351 0.225354 0.0078521 0.225353 0.225349 -0.117844 0.0330794 0.0516857 0.033079 -0.202625 0.033079 0.0330792 0.0516857 0.0517021 0.0330791 -0.19486 0.0331158 0.0330897 0.0517021 0.0438803 0.033072 -0.260946 0.0450332 0.0450019 0.0438803 0.0370238 0.0450262 0.0449803 -0.262717 0.0476905 0.0476806 0.0370238 0.0349621 0.0476877 0.047672 -0.270022 0.0505192 0.0505101 0.0349621 0.0330143 0.0505157 0.0505002 -0.278239 0.0535206 0.0535123 0.0330143 0.0311738 0.0535164 0.0535015 -0.287337 0.0566895 0.0566818 0.0311738
0.00932835 0.179036 0.179035 -0.776665 0.189634 0.189632 0.00932835 0.00880756 0.189632 0.189631 -0.82055 0.200858 0.200856 0.00880756 0.0083157 0.200857 0.200856 -0.867147 0.212746 0.212744 0.0083157 0.00785147 0.212745 0.212744 -0.916621 0.22534 0.225339 0.00785147 0.00741316 0.225339 0.225339 -0.969122 0.238678 0.238677 0.00741316 0.00699921 0.238678 0.238677 -1.01819 0.252799 0.252797 0.00699921 0.252799 0.252797 -0.184001 0.033079 0.033079 0.0516853 0.0330788 0.0330788 -0.235533 0.0330785 0.0330785 0.0516853 0.0515346 0.0330783 0.0330783 -0.22669 0.0328867 0.0328862 0.0515346 0.0436105 0.0328857 0.0328865 -0.259527 0.0447589 0.0447583 0.0436105 0.0368828 0.0447578 0.0447587 -0.262184 0.0476003 0.0476001 0.0368828 0.0349004 0.0475999
0.00445121 -2.45834 0.00471532 0.859361 0.375557 0.354633 0.859361 0.00471534 -2.52028 0.00499533 0.910392 0.354633 0.334871 0.910392 0.00499534 -2.59043 0.00529159 0.964384 0.334871 0.316208 0.964384 0.0052916 -2.66921 0.00560557 1.02161 0.316208 0.298578 1.02161 0.00560558 -2.75678 0.00593802 1.08219 0.298578 0.28194 1.08219 0.00593803 -2.85331 0.00628968 1.14628 0.28194 0.266222 1.14628 0.00628968 -2.95947 0.00666275 1.21427 0.266222 0.251371 1.21427 0.00666276 -3.07532 0.00705763 1.28624 0.251371 0.237352 1.28624 0.00705763 -3.20131 0.00747578 1.36245 0.237352 0.224113 1.36245 0.00747578 -3.33789 0.00791868 1.44316 0.224113 0.211611 1.44316 0.00791867 -3.48551 0.00838781 1.52866 0.211611 0.199804 1.52866
