data/processor2/gnn/A_csr_10600.dat
nRows 23533
nCols 23533
[rows 0 to 13 of 14, columns 21868 to 21944 of 23533]
148534 148541 148548 148555 148562 148569 148576 148583 148590 148597 148604 148611 148618 148625 148632 148639 148646 148653 148660 148667 148674 148681 148688 148695 148702 148709 148716 148723 148730 148737 148744 148751 148757 148763 148770 148777 148784 148791 148798 148805 148812 148819 148826 148833 148840 148847 148854 148861 148868 148875 148882 148889 148896 148903 148910 148917 148924 148931 148938 148945 148952 148959 148966 148973 148980 148987 148993 148999 149006 149013 149020 149027 149034 149041 149048 149055 149062
3280 2845 3252 3279 3281 3307 3715 3281 2846 3253 3280 3282 3308 3716 3282 2847 3254 3281 3283 3309 3717 3283 2848 3255 3282 3284 3310 3718 3284 2849 3256 3283 3285 3311 3719 3285 2850 3257 3284 3286 3312 3720 3286 2851 3258 3285 3287 3313 3721 3287 2852 3259 3286 3288 3314 3722 3288 2853 3260 3287 3289 3315 3723 3289 2854 3261 3288 3290 3316 3724 3290 2855 3262 3289 3291 3317 3725
6715 6742 6744 6771 7247 6744 6240 6716 6743 6745 6772 7248 6745 6241 6717 6744 6746 6773 7249 6746 6242 6718 6745 6747 6774 7250 6747 6243 6719 6746 6748 6775 7251 6748 6244 6720 6747 6749 6776 7252 6749 6245 6721 6748 6750 6777 7253 6750 6246 6722 6749 6778 7254 6751 6247 6723 6752 6779 7255 6752 6248 6724 6751 6753 6780 7256 6753 6249 6725 6752 6754 6781 7257 6754 6250 6726 6753
10205 10234 10819 10205 9591 10174 10204 10206 10235 10820 10206 9592 10175 10205 10207 10236 10821 10207 9593 10176 10206 10208 10237 10822 10208 9594 10177 10207 10209 10238 10823 10209 9595 10178 10208 10210 10239 10824 10210 9596 10179 10209 10240 10825 10211 10181 10212 10826 10212 9597 10182 10211 10213 10241 10827 10213 9598 10183 10212 10214 10242 10828 10214 9599 10184 10213 10215 10243 10829 10215 9600 10185 10214 10216 10244 10830 10216
13666 12974 13630 13665 13667 13702 14355 13667 12975 13631 13666 13668 13703 14356 13668 12976 13632 13667 13669 13704 14357 13669 12977 13633 13668 13670 13705 14358 13670 12978 13634 13669 13671 13706 14359 13671 12979 13635 13670 13672 13707 14360 13672 12980 13636 13671 13673 13708 14361 13673 12981 13637 13672 13674 13709 14362 13674 12982 13638 13673 13675 13710 14363 13675 12983 13639 13674 13676 13711 14364 13676 12984 13640 13675 13677 13712 14365
16393 17075 17112 17114 17151 17833 17114 16394 17076 17113 17115 17152 17834 17115 16395 17077 17114 17116 17153 17835 17116 16396 17078 17115 17117 17154 17836 17117 16397 17079 17116 17118 17155 17837 17118 16398 17080 17117 17119 17156 17838 17119 16399 17081 17118 17120 17157 17839 17120 16400 17082 17119 17121 17158 17840 17121 16401 17083 17120 17122 17159 17841 17122 16402 17084 17121 17123 17160 17842 17123 16403 17085 17122 17124 17161 17843 17124
19826 20512 20545 20547 20580 21266 20547 19827 20513 20546 20548 20581 21267 20548 19828 20514 20547 20549 20582 21268 20549 19829 20515 20548 20550 20583 21269 20550 19830 20516 20549 20551 20584 21270 20551 19831 20517 20550 20552 20585 21271 20552 19832 20518 20551 20553 20586 21272 20553 19833 20519 20552 20554 20587 21273 20554 19834 20520 20553 20555 20588 21274 20555 19835 20521 20554 20556 20589 21275 20556 19836 20522 20555 20557 20590 21276 20557
0.214249 1.90551 0.0300753 -1.54009 0.0037332 0.401039 0.56059 0.570992 0.00373319 -2.13237 0.00396913 0.426385 0.56059 0.530379 0.607078 0.00396913 -2.13449 0.00420484 0.451706 0.530379 0.500866 0.64313 0.00420484 -2.14275 0.00445507 0.478586 0.500866 0.472989 0.681401 0.00445506 -2.15792 0.00471939 0.506981 0.472989 0.446678 0.721829 0.00471938 -2.18022 0.00499946 0.537067 0.446678 0.421813 0.764665 0.00499945 -2.20969 0.00529611 0.568935 0.421813 0.398312 0.810038 0.00529611 -2.24651 0.0056106 0.60272 0.398312 0.376116 0.85814 0.0056106 -2.29065 0.00594334 0.638465 0.376116 0.355154 0.909032 0.00594334 -2.34242 0.00629599 0.676348 0.355154 0.335353 0.96297 0.00629599 -2.4019 0.00666939 0.71646 0.335353 0.316665
0.143824 -0.470747 0.152421 0.0312906 0.0420336 0.0396896 0.0529642 0.152348 -0.48919 0.161424 0.0331422 0.0396896 0.0374754 0.0560978 0.161361 -0.509298 0.170983 0.0351072 0.0374754 0.0353826 0.0594236 0.170926 -0.531049 0.181102 0.0371851 0.0353826 0.0334073 0.0629377 0.181034 -0.554552 0.191789 0.0393873 0.0334073 0.0315464 0.0666664 0.191755 -0.580097 0.203246 0.0417268 0.0315464 0.0297893 0.0706295 0.203159 -0.607426 0.2153 0.044199 0.0297893 0.0281279 0.0748135 0.215196 -0.636755 0.228044 0.0468189 0.0281279 0.0265602 0.0792496 0.227954 -0.668285 0.241639 0.0495935 0.0265602 0.0250775 0.0839456 0.241469 -0.701799 0.255873 0.0525263 0.0250775 0.0236769 0.0889067 0.255738 -0.737756 0.271014 0.0556387 0.0236769 0.0223563 0.0941772
-1.08436 0.458941 0.0328532 0.0401167 0.0378775 0.055631 0.45894 -1.13984 0.486226 0.0348047 0.0378775 0.0357683 0.0589421 0.486221 -1.19892 0.51503 0.0368669 0.0357683 0.0337679 0.0624377 0.515049 -1.26155 0.54537 0.0390408 0.0337679 0.0318777 0.0661091 0.545384 -1.3287 0.577682 0.0413528 0.0318777 0.0301048 0.070019 0.577659 -1.4008 0.612122 0.043815 0.0301048 0.028429 0.0742105 0.61212 -1.47685 0.648266 0.0464045 0.028429 0.0268332 0.0785976 0.648319 -1.53176 0.686291 0.0491305 0.0268332 0.0831851 0.686318 -0.180372 0.0128672 0.0830787 0.0217786 0.0626476 -0.371027 0.0852658 0.0175124 0.0830787 0.0702623 0.029642 0.0852654 -0.368248 0.090676 0.0186232 0.0702623 0.0664843 0.0315243 0.0906782 -0.374523 0.0960611 0.019729
0.0086637 0.151751 0.143295 0.0146745 0.347249 -1.03905 0.367858 0.00917799 0.143295 0.135311 0.0155449 0.36786 -1.06865 0.389689 0.00972255 0.135311 0.127769 0.0164683 0.38969 -1.10173 0.412789 0.0102991 0.127769 0.120642 0.017443 0.412791 -1.1385 0.437275 0.0109099 0.120642 0.11392 0.0184779 0.437278 -1.17895 0.463166 0.011556 0.11392 0.107565 0.0195722 0.46317 -1.22332 0.49061 0.0122409 0.107565 0.101562 0.0207299 0.490612 -1.27177 0.519692 0.0129665 0.101562 0.0958955 0.0219572 0.519697 -1.32433 0.550445 0.0137341 0.0958955 0.0905481 0.0232559 0.550456 -1.38147 0.583112 0.0145487 0.0905481 0.0855037 0.0246403 0.58312 -1.44316 0.617702 0.0154114 0.0855037 0.0807335 0.0261045 0.617706 -1.50944 0.654249
0.0589395 0.0223538 0.0211107 0.0997619 0.286966 -0.817109 0.303987 0.062432 0.0211107 0.0199292 0.105679 0.303972 -0.860438 0.321851 0.0661061 0.0199292 0.0188146 0.111892 0.321845 -0.907117 0.340971 0.0700344 0.0188146 0.0177672 0.118542 0.340989 -0.956678 0.361195 0.0741856 0.0177672 0.0167774 0.125564 0.361189 -1.0095 0.382659 0.0785852 0.0167774 0.0158406 0.133025 0.382616 -1.06534 0.405219 0.083223 0.0158406 0.0149501 0.140887 0.405223 -1.1241 0.428878 0.0881028 0.0149501 0.0141114 0.149115 0.428947 -1.1741 0.454316 0.0933306 0.0141114 0.157951 0.454392 -0.185422 0.0371492 0.0218976 0.058047 0.0311785 0.0371494 -0.243471 0.0371496 0.0218978 0.058047 0.0580488 0.0311785 0.0371498 -0.243481 0.0371517 0.0218989 0.0580488
0.330353 0.123061 -3.20117 0.242446 0.206585 1.16856 1.10333 0.349907 0.130343 -3.12931 0.256782 0.218816 1.10333 1.04171 0.370618 0.13806 -3.06773 0.271935 0.231766 1.04171 0.983543 0.392546 0.146232 -3.01633 0.288016 0.245482 0.983543 0.92863 0.415769 0.154886 -2.97498 0.305095 0.260014 0.92863 0.876794 0.440389 0.164054 -2.11562 0.323193 0.275405 0.876794 0.466468 0.173765 -4.02507 0.0249638 0.061035 3.82228 0.10337 0.0134228 -7.84739 0.0249643 0.0610352 3.82228 3.82232 0.10337 0.0134228 -7.84743 0.0249643 0.0610344 3.82232 3.82233 0.103369 0.0134226 -7.84743 0.0249652 0.0610353 3.82233 3.82231 0.103371 0.0134228 -7.84745 0.0249656 0.0610355 3.82231 3.82234 0.103371 0.0134229
0.00499531 0.910394 0.354631 0.334869 0.00499531 -1.62604 0.00529156 0.964385 0.334869 0.316206 0.00529156 -1.6476 0.00560553 1.02161 0.316206 0.298576 0.00560554 -1.67459 0.00593798 1.0822 0.298576 0.281938 0.00593798 -1.70702 0.00628963 1.14628 0.281938 0.26622 0.00628963 -1.74519 0.0066627 1.21428 0.26622 0.251369 0.0066627 -1.78907 0.00705757 1.28624 0.251369 0.23735 0.00705757 -1.83886 0.00747571 1.36245 0.23735 0.224112 0.00747572 -1.89472 0.00791861 1.44316 0.224112 0.211609 0.00791861 -1.95685 0.00838773 1.52866 0.211609 0.199803 0.00838773 -2.02544 0.00888457 1.61921 0.199803 0.188656 0.00888457 -2.10068 0.00941059 1.71508 0.188656 0.178129 0.00941059 -2.18292 0.00996802 1.81667 0.178129 0.168187 0.00996802
