data/processor2/gnn/A_csr_10800.dat
nRows 23533
nCols 23533
[rows 0 to 13 of 14, columns 4774 to 4850 of 23533]
32016 32023 32030 32037 32044 32051 32058 32065 32072 32079 32086 32093 32100 32107 32114 32121 32128 32135 32142 32149 32156 32163 32169 32174 32180 32186 32192 32198 32204 32210 32216 32222 32228 32234 32240 32246 32252 32258 32264 32270 32276 32282 32288 32294 32300 32306 32312 32318 32324 32329 32333 32338 32343 32348 32353 32358 32363 32368 32373 32378 32383 32388 32393 32398 32403 32408 32413 32418 32423 32428 32433 32438 32443 32448 32453 32458 32462
764 789 1198 764 329 738 763 765 790 1199 765 330 739 764 791 1200 766 331 740 767 792 1201 767 332 741 766 768 793 1202 768 333 742 767 769 794 1203 769 334 743 768 770 795 1204 770 335 744 769 771 796 1205 771 336 745 770 772 797 1206 772 337 746 771 773 798 1207 773 338 747 772 774 799 1208 774 339 748 773 775 800
4199 4225 4227 4252 4663 4227 3790 4200 4226 4228 4253 4664 4228 3791 4201 4227 4229 4254 4665 4229 3792 4202 4228 4230 4255 4666 4230 3793 4203 4229 4231 4256 4667 4231 3794 4204 4230 4232 4257 4668 4232 3795 4205 4231 4233 4258 4669 4233 3796 4206 4232 4234 4259 4670 4234 3797 4207 4233 4235 4260 4671 4235 3798 4208 4234 4236 4261 4672 4236 3799 4209 4235 4237 4262 4673 4237 3800
7695 7723 8245 7695 7152 7666 7694 7696 7724 8246 7696 7153 7667 7695 7697 7725 8247 7697 7154 7668 7696 7698 7726 8248 7698 7155 7669 7697 7699 7727 8249 7699 7156 7670 7698 7700 7728 8250 7700 7157 7671 7699 7701 7729 8251 7701 7158 7672 7700 7702 7730 8252 7702 7159 7673 7701 7703 7731 8253 7703 7160 7674 7702 7704 7732 8254 7704 7161 7675 7703 7705 7733 8255 7705 7162 7676 7704
11151 11153 11184 11803 11153 10531 11121 11152 11154 11185 11804 11154 10532 11122 11153 11155 11186 11805 11155 10533 11123 11154 11156 11187 11806 11156 10534 11124 11155 11157 11188 11807 11157 10535 11125 11156 11158 11189 11808 11158 10536 11126 11157 11159 11190 11809 11159 10537 11127 11158 11160 11191 11810 11160 10538 11128 11159 11161 11192 11811 11161 10539 11129 11160 11162 11193 11812 11162 10540 11130 11161 11163 11194 11813 11163 10541 11131
15302 14604 13915 14568 14603 14605 14640 15303 14605 13916 14569 14604 14606 14641 15304 14606 13917 14570 14605 14607 14642 15305 14607 13918 14571 14606 14608 14643 15306 14608 13919 14572 14607 14609 14644 15307 14609 13920 14573 14608 14610 14645 15308 14610 13921 14574 14609 14611 14646 15309 14611 13922 14575 14610 14612 14647 15310 14612 13923 14576 14611 14613 14648 15311 14613 13924 14577 14612 14614 14649 15312 14614 13925 14578 14613 14615 14650
18013 18050 18052 18089 18771 18052 17332 18014 18051 18053 18090 18772 18053 17333 18015 18052 18054 18091 18773 18054 17334 18016 18053 18055 18092 18774 18055 17335 18017 18054 18056 18093 18775 18056 17336 18018 18055 18057 18094 18776 18057 17337 18019 18056 18058 18095 18777 18058 17338 18020 18057 18059 18096 18778 18059 17339 18021 18058 18060 18097 18779 18060 17340 18022 18059 18061 18098 18780 18061 17341 18023 18060 18062 18099 18781 18062 17342
22214 21495 20775 21457 21494 21496 21533 22215 21496 20776 21458 21495 21497 21534 22216 21497 20777 21459 21496 21498 21535 22217 21498 20778 21460 21497 21499 21536 22218 21499 20779 21461 21498 21500 21537 22219 21500 20780 21462 21499 21501 21538 22220 21501 20781 21463 21500 21502 21539 22221 21502 20782 21464 21501 21503 21540 22222 21503 20783 21465 21502 21504 21541 22223 21504 20784 21466 21503 21505 21542 22224 21505 20785 21467 21504 21506 21543
0.1588 1.92425 0.0105584 -4.40764 0.0111838 2.0383 0.1588 0.149937 2.03824 0.0111838 -4.63303 0.0118458 2.15895 0.149937 0.141567 2.15888 0.0118458 -4.87387 0.0125474 2.28681 0.141567 0.133664 2.28674 0.0125474 -5.1308 0.0132903 2.42221 0.133664 0.126203 2.42214 0.0132903 -5.40455 0.0140768 2.56556 0.126203 0.119158 2.56548 0.0140768 -5.69632 0.0149103 2.71746 0.119158 0.112505 2.71738 0.0149103 -5.90064 0.0157929 2.87832 0.112505 2.87823 0.0157929 -1.81801 0.0037437 0.682291 0.445937 0.682295 0.0037437 -2.32078 0.00396648 0.722893 0.445937 0.421117 0.722897 0.00396648 -2.35878 0.00420182 0.765782 0.421117 0.397692 0.765787 0.00420181 -2.40461 0.00445117 0.811227 0.397692 0.375554 0.811232
0.0374791 0.0349664 0.0330234 0.0533582 0.0635854 -0.29518 0.067366 0.0397077 0.0330234 0.0311864 0.0565288 0.0673679 -0.305303 0.071361 0.0420624 0.0311864 0.02945 0.0598818 0.0713614 -0.316484 0.0756065 0.0445649 0.02945 0.0278103 0.0634425 0.0756094 -0.328662 0.080089 0.0472074 0.0278103 0.0262595 0.0672043 0.0800913 -0.34193 0.0848383 0.050006 0.0262595 0.0247969 0.0711904 0.0848388 -0.356383 0.0898825 0.0529804 0.0247969 0.0234143 0.07542 0.0898886 -0.371869 0.0951846 0.0561046 0.0234143 0.0221073 0.0798749 0.0951838 -0.388724 0.100841 0.0594387 0.0221073 0.0208763 0.0846184 0.100842 -0.406851 0.106825 0.0629676 0.0208763 0.0197095 0.0896388 0.106834 -0.426156 0.113119 0.0666747 0.0197095 0.018607 0.0949303 0.113115 -0.447003 0.119825
3.02802 -8.58273 3.2076 1.1138 1.05172 0.00200075 3.2076 -8.84278 3.39793 1.05172 0.993085 0.00211947 3.39792 -9.13197 3.59945 0.993085 0.937746 0.00224516 3.59944 -9.4508 3.81261 0.937746 0.885467 0.00237812 3.8126 -9.80156 4.03875 0.885467 0.836071 0.00251918 4.03875 -10.1844 4.27812 0.836071 0.789443 0.00266848 4.27811 -10.6008 4.53158 0.789443 0.745411 0.00282658 4.53157 -11.0523 4.80005 0.745411 0.703827 0.00299404 4.80004 -11.5404 5.08442 0.703827 0.664558 0.00317142 5.08441 -12.0666 5.38559 0.664558 0.627483 0.00335927 5.38558 -12.6324 5.70445 0.627483 0.592471 0.00355816 5.70444 -13.2403 6.04235 0.592471 0.559403 0.00376893 6.04234 -13.8919 6.40018 0.559403 0.528176
-0.277926 0.0534586 0.0534432 0.032974 0.0311378 0.0534669 0.053445 -0.28703 0.0566261 0.0566127 0.0311378 0.0294043 0.0566346 0.0566146 -0.297084 0.059982 0.0599702 0.0294043 0.0277656 0.0599898 0.0599723 -0.308114 0.0635355 0.0635259 0.0277656 0.0262167 0.063543 0.0635279 -0.320175 0.067302 0.0672948 0.0262167 0.0247541 0.0673104 0.0672967 -0.333284 0.0712892 0.0712843 0.0247541 0.0233736 0.0712971 0.0712857 -0.347509 0.0755163 0.0755135 0.0233736 0.0220698 0.0755219 0.0755138 -0.362882 0.0799934 0.0799914 0.0220698 0.02084 0.0799965 0.0799914 -0.379445 0.0847319 0.0847306 0.02084 0.0196785 0.0847337 0.0847307 -0.397292 0.0897583 0.0897576 0.0196785 0.0185807 0.089759 0.0897576 -0.41643 0.0950772 0.0950757 0.0185807 0.0175445 0.0950767 0.0950756
0.0175442 0.095076 0.095076 -0.436945 0.100709 0.100708 0.0175442 0.0165656 0.100709 0.100709 -0.458902 0.106674 0.106673 0.0165656 0.0156412 0.106674 0.106673 -0.482376 0.112992 0.112991 0.0156412 0.0147683 0.112992 0.112992 -0.507449 0.119682 0.119684 0.0147683 0.0139445 0.119684 0.119686 -0.534198 0.12677 0.126771 0.0139445 0.0131666 0.126772 0.126774 -0.562734 0.134284 0.134283 0.0131666 0.012432 0.134284 0.134284 -0.59312 0.142238 0.142237 0.012432 0.0117381 0.142238 0.142237 -0.625471 0.150664 0.150662 0.0117381 0.0110828 0.150663 0.150662 -0.659866 0.15958 0.159579 0.0110828 0.0104641 0.15958 0.159579 -0.696459 0.169029 0.169028 0.0104641 0.00987983 0.169029 0.169029 -0.735352 0.179036 0.179035 0.00987983
0.00747578 -3.33794 0.00791874 1.44321 0.224113 0.211611 1.44316 0.00791867 -3.48557 0.00838827 1.52871 0.211611 0.199804 1.52866 0.0083878 -3.64471 0.0088844 1.61926 0.199804 0.188658 1.61921 0.00888464 -3.81582 0.0094101 1.71513 0.188658 0.178131 1.71508 0.00941067 -3.99965 0.00996754 1.81673 0.178131 0.168189 1.81667 0.0099681 -4.19667 0.0105581 1.92432 0.168189 0.1588 1.92425 0.0105584 -4.40764 0.0111841 2.0383 0.1588 0.149937 2.03823 0.0111838 -4.63303 0.011846 2.15896 0.149937 0.141567 2.15888 0.0118458 -4.87388 0.0125475 2.28682 0.141567 0.133664 2.28674 0.0125474 -5.1308 0.0132905 2.42222 0.133664 0.126203 2.42214 0.0132903 -5.40456 0.014077 2.56556 0.126203 0.119158 2.56548
