data/processor2/gnn/A_csr_10400.dat
nRows 23533
nCols 23533
[rows 0 to 13 of 14, columns 18172 to 18248 of 23533]
123252 123259 123266 123273 123280 123287 123294 123301 123308 123315 123322 123329 123336 123343 123350 123357 123364 123371 123378 123385 123392 123399 123405 123410 123416 123422 123428 123435 123442 123449 123456 123463 123470 123477 123484 123491 123498 123505 123512 123519 123526 123533 123540 123547 123554 123561 123568 123575 123582 123589 123596 123603 123610 123617 123624 123631 123638 123645 123652 123659 123665 123671 123678 123685 123692 123699 123706 123713 123720 123727 123734 123741 123748 123755 123762 123769 123776
2303 2710 2737 2739 2766 3173 2739 2304 2711 2738 2740 2767 3174 2740 2305 2712 2739 2741 2768 3175 2741 2306 2713 2740 2742 2769 3176 2742 2307 2714 2741 2743 2770 3177 2743 2308 2715 2742 2744 2771 3178 2744 2309 2716 2743 2745 2772 3179 2745 2310 2717 2744 2746 2773 3180 2746 2311 2718 2745 2747 2774 3181 2747 2312 2719 2746 2748 2775 3182 2748 2313 2720 2747 2749 2776 3183 2749
6705 6202 5698 6174 6201 6203 6230 6706 6203 5699 6175 6202 6204 6231 6707 6204 5700 6176 6203 6205 6232 6708 6205 5701 6177 6204 6206 6233 6709 6206 5702 6178 6205 6207 6234 6710 6207 5703 6179 6206 6208 6235 6711 6208 5704 6180 6207 6209 6236 6712 6209 5705 6181 6208 6210 6237 6713 6210 5706 6182 6209 6211 6238 6714 6211 5707 6183 6210 6212 6239 6715 6212 5708 6184 6211 6213 6240
10278 9664 9084 9663 9665 9695 10279 9665 9085 9664 9666 9696 10280 9666 9086 9665 9667 9697 10281 9667 9087 9666 9668 9698 10282 9668 9088 9667 9669 9699 10283 9669 9089 9668 9670 9700 10284 9670 9090 9669 9671 9701 10285 9671 9091 9670 9672 9702 10286 9672 9092 9671 9673 9703 10287 9673 9093 9672 9674 9704 10288 9674 9094 9673 9675 9705 10289 9675 9095 9674 9676 9706 10290 9676 9096 9675 9677
13121 12441 13085 13120 13122 13157 13813 13122 12442 13086 13121 13123 13158 13814 13123 12443 13087 13122 13124 13159 13815 13124 12444 13088 13123 13125 13160 13816 13125 12445 13089 13124 13126 13161 13817 13126 12446 13090 13125 13127 13162 13818 13127 12447 13091 13126 13128 13163 13819 13128 12448 13092 13127 13129 13164 13820 13129 12449 13093 13128 13130 13165 13821 13130 12450 13094 13129 13131 13166 13822 13131 12451 13095 13130 13132 13167 13823
16531 16568 16570 16607 17289 16570 15855 16532 16569 16571 16608 17290 16571 15856 16533 16570 16572 16609 17291 16572 15857 16534 16571 16573 16610 17292 16573 15858 16535 16572 16574 16611 17293 16574 15859 16536 16573 16575 16612 17294 16575 15860 16537 16574 16576 16613 17295 16576 15861 16538 16575 16577 16614 17296 16577 15862 16539 16576 16578 16615 17297 16578 15863 16540 16577 16579 16616 17298 16579 15864 16541 16578 16580 16617 17299 16580 15865
20014 20051 20733 20014 19294 19976 20013 20015 20052 20734 20015 19295 19977 20014 20016 20053 20735 20016 19296 19978 20015 20017 20054 20736 20017 19297 19979 20016 20018 20055 20737 20018 19298 19980 20017 20019 20056 20738 20019 19299 19981 20018 20020 20057 20739 20020 19300 19982 20019 20021 20058 20740 20021 19301 19983 20020 20022 20059 20741 20022 19302 19984 20021 20023 20060 20742 20023 19303 19985 20022 20024 20061 20743 20024 19304 19986 20023
0.0324368 0.0994561 -23.1944 0.0202898 11.8469 11.1875 0.0343671 0.105375 -21.9222 0.0214937 11.1875 10.5652 0.0364061 0.111627 -20.7219 0.0227692 10.5652 9.97708 0.0385666 0.118251 -19.5885 0.0241203 9.97708 9.42122 0.0408551 0.125268 -18.519 0.0255526 9.42122 8.89622 0.0432811 0.132706 -17.5101 0.027068 8.89622 8.40041 0.045848 0.140577 -16.5586 0.0286741 8.40041 7.93205 0.0485684 0.148918 -15.6617 0.0303747 7.93205 7.49004 0.0514488 0.15775 -14.8163 0.0321735 7.49004 7.07247 0.0544956 0.167092 -14.0192 0.0340819 7.07247 6.67793 0.0577281 0.177003 -13.2682 0.0361017 6.67793 6.3055 0.0611494 0.187493 -12.5609 0.0382407 6.3055 5.95381 0.0647723 0.198602 -11.895 0.0405062 5.95381
0.231004 0.00507607 0.260056 0.245548 0.00859824 1.67385 -2.50958 0.244689 0.00537678 0.245548 0.231848 0.00910755 1.77301 -2.60331 0.259182 0.00569526 0.231848 0.218913 0.00964697 1.87803 -2.70561 0.274527 0.00603244 0.218913 0.206697 0.0102182 1.98922 -2.8169 0.290787 0.00638975 0.206697 0.195159 0.0108232 2.10704 -2.93746 0.308004 0.00676809 0.195159 0.184264 0.0114637 2.2318 -3.06781 0.326248 0.00716899 0.184264 0.173978 0.0121431 2.36401 -3.20817 0.345555 0.00759328 0.173978 0.164264 0.0128613 2.50392 -3.3592 0.366011 0.00804283 0.164264 0.15509 0.0136218 2.65217 -3.52134 0.387679 0.008519 0.15509 0.146433 0.0144279 2.80919 -3.69506 0.410624 0.00902318 0.146433 0.13826 0.015282 2.97544 -3.88115
0.0635042 0.0331433 0.273411 -0.758668 0.289671 0.0207354 0.0635042 0.0599638 0.0351188 0.289675 -0.789372 0.306814 0.021963 0.0599638 0.0566169 0.0371938 0.30682 -0.822719 0.324992 0.023264 0.0566169 0.0534625 0.0393971 0.324986 -0.858916 0.344289 0.024645 0.0534625 0.0504794 0.0417413 0.344299 -0.897695 0.364626 0.0261017 0.0504794 0.0476581 0.0441997 0.36463 -0.939556 0.386221 0.0276472 0.0476581 0.0450044 0.0468174 0.386208 -0.984769 0.409179 0.0292897 0.0450044 0.0424939 0.0496096 0.409193 -1.0328 0.433316 0.0310191 0.0424939 0.0401132 0.052526 0.433329 -1.08424 0.458899 0.0328509 0.0401132 0.0378781 0.0556213 0.458876 -1.13998 0.486283 0.0348084 0.0378781 0.0357721 0.0589567 0.48628 -1.19899 0.515053 0.0368689 0.0357721
0.0236768 0.0889463 0.25584 -0.737345 0.270776 0.0556174 0.0236768 0.0223503 0.0941441 0.27078 -0.776006 0.286937 0.0589343 0.0223503 0.0211132 0.0997442 0.286927 -0.81741 0.304099 0.062453 0.0211132 0.0199392 0.105712 0.304094 -0.860959 0.322044 0.0661366 0.0199392 0.018814 0.111974 0.32205 -0.906485 0.340722 0.0699862 0.018814 0.0177445 0.118474 0.340744 -0.954956 0.360498 0.0740718 0.0177445 0.0167465 0.125332 0.360563 -1.00771 0.381943 0.0784753 0.0167465 0.0158194 0.132756 0.381967 -1.04954 0.404911 0.0831773 0.0158194 0.140733 0.404897 -0.185429 0.0371508 0.0218981 0.0580501 0.0311791 0.0371505 -0.243325 0.0371527 0.0218992 0.0580501 0.0578904 0.03118 0.0371527 -0.233563 0.0369463 0.0217776 0.0578904 0.0489965 0.0310062
0.0104639 0.0098798 0.169025 0.169025 -0.735362 0.179039 0.179039 0.0098798 0.00932863 0.179038 0.179037 -0.776699 0.189643 0.189641 0.00932863 0.00880815 0.18964 0.189638 -0.820624 0.200879 0.200874 0.00880815 0.00831647 0.200875 0.200871 -0.867227 0.212768 0.212763 0.00831647 0.007852 0.212766 0.212761 -0.916658 0.225351 0.225347 0.007852 0.00741336 0.22535 0.225346 -0.962136 0.238682 0.23868 0.00741336 0.238682 0.238679 -0.150922 0.033079 0.033079 0.0516853 0.0330788 -0.202606 0.0330785 0.0330785 0.0516853 0.0516853 0.0330783 -0.202607 0.0330789 0.0330789 0.0516853 0.0516849 0.0330787 -0.235686 0.033079 0.033079 0.0516849 0.0516853 0.0330788 0.0330788 -0.235538 0.0330785 0.0330785 0.0516853 0.0515388 0.0330783 0.0330783 -0.226721
0.0197074 0.0848372 0.0117028 -0.315206 0.0898358 0.084745 0.0197074 0.0186105 0.0899059 0.0124015 -0.329441 0.0951527 0.0897536 0.0186105 0.0175677 0.0952216 0.0131348 -0.344685 0.100769 0.0950362 0.0175677 0.0165894 0.100815 0.0139074 -0.361357 0.106773 0.100724 0.0165894 0.0156672 0.106863 0.0147403 -0.378974 0.113084 0.106666 0.0156672 0.0147844 0.113162 0.0156098 -0.397627 0.119726 0.112884 0.0147844 0.0139632 0.11975 0.01652 -0.418365 0.126911 0.119739 0.0139632 0.0131909 0.127039 0.0175229 -0.439834 0.134394 0.126768 0.0131909 0.0124423 0.134488 0.0185513 -0.462379 0.142244 0.134077 0.0124423 0.0117462 0.142245 0.0196233 -0.487483 0.150766 0.142203 0.0117462 0.011103 0.150855 0.02081 -0.514146 0.159777 0.150773 0.011103
0.0273066 0.124167 1.93857 1.83055 0.210294 0.0273066 -3.97122 0.0289261 0.131531 1.83055 1.72853 0.222765 0.0289261 -3.79728 0.0306424 0.139336 1.72853 1.63215 0.235983 0.0306424 -3.63585 0.0324597 0.147599 1.63215 1.5412 0.249979 0.0324597 -3.48637 0.034382 0.15634 1.5412 1.45528 0.264782 0.034382 -3.34832 0.0364214 0.165613 1.45528 1.3741 0.280488 0.0364214 -3.22126 0.03858 0.175429 1.3741 1.29746 0.297112 0.0385799 -3.10483 0.0408657 0.185822 1.29746 1.2251 0.314715 0.0408657 -2.99861 0.0432868 0.196831 1.2251 1.15675 0.33336 0.0432868 -2.90227 0.0458513 0.208492 1.15675 1.09221 0.353109 0.0458512 -2.8155 0.0485672 0.220842 1.09221 1.03128 0.374025 0.0485672 -2.73799
