data/processor2/gnn/A_csr_10400.dat
nRows 23533
nCols 23533
[rows 0 to 13 of 14, columns 6314 to 6390 of 23533]
42456 42463 42470 42477 42484 42491 42498 42505 42512 42519 42526 42533 42540 42547 42554 42561 42568 42575 42582 42589 42595 42600 42606 42612 42618 42624 42630 42636 42642 42648 42654 42660 42666 42672 42678 42684 42690 42696 42702 42708 42714 42720 42726 42732 42738 42744 42750 42756 42761 42766 42772 42778 42784 42790 42796 42802 42808 42814 42820 42826 42832 42838 42844 42850 42856 42862 42868 42874 42880 42886 42892 42898 42904 42910 42916 42922 42927
1428 994 559 966 993 995 1022 1429 995 560 967 994 996 1023 1430 996 561 968 995 997 1024 1431 997 562 969 996 998 1025 1432 998 563 970 997 999 1026 1433 999 564 971 998 1000 1027 1434 1000 565 972 999 1001 1028 1435 1001 566 973 1000 1002 1029 1436 1002 567 974 1001 1003 1030 1437 1003 568 975 1002 1004 1031 1438 1004 569 976 1003 1005 1032
4428 4455 4457 4484 4951 4457 4020 4429 4456 4458 4485 4952 4458 4021 4430 4457 4459 4486 4953 4459 4022 4431 4458 4460 4487 4954 4460 4023 4432 4459 4461 4488 4955 4461 4024 4433 4460 4462 4489 4956 4462 4025 4434 4461 4463 4490 4957 4463 4026 4435 4462 4491 4958 4464 4027 4436 4465 4492 4959 4465 4028 4437 4464 4466 4493 4960 4466 4029 4438 4465 4467 4494 4961 4467 4030 4439 4466
7367 7889 7917 7919 8469 7919 7368 7890 7918 7920 8470 7920 7369 7891 7919 7921 8471 7921 7370 7892 7920 7922 8472 7922 7371 7893 7921 7923 8473 7923 7372 7894 7922 7924 8474 7924 7373 7895 7923 7925 8475 7925 7374 7896 7924 7926 8476 7926 7375 7897 7925 7927 8477 7927 7376 7898 7926 7928 8478 7928 7377 7899 7927 7929 8479 7929 7378 7900 7928 7930 8480 7930 7379 7901 7929 7931 8481
11374 11376 11407 12034 11376 10747 11344 11375 11377 11408 12035 11377 10748 11345 11376 11378 11409 12036 11378 10749 11346 11377 11379 11410 12037 11379 10750 11347 11378 11380 11411 12038 11380 10751 11348 11379 11381 11412 12039 11381 10752 11349 11380 11382 11413 12040 11382 10753 11350 11381 11383 11414 12041 11383 10754 11351 11382 11384 11415 12042 11384 10755 11352 11383 11385 11416 12043 11385 10756 11353 11384 11386 11417 12044 11386 10757 11354
14793 14825 14827 14859 15532 14827 14138 14794 14826 14828 14860 15533 14828 14139 14795 14827 14829 14861 15534 14829 14140 14796 14828 14830 14862 15535 14830 14141 14797 14829 14831 14863 15536 14831 14142 14798 14830 14832 14864 15537 14832 14143 14799 14831 14833 14865 15538 14833 14144 14800 14832 14834 14866 15539 14834 14145 14801 14833 14835 14867 15540 14835 14146 14802 14834 14836 14868 15541 14836 14147 14803 14835 14837 14869 15542 14837 14148
18274 18307 18993 18274 17554 18240 18273 18275 18308 18994 18275 17555 18241 18274 18276 18309 18995 18276 17556 18242 18275 18277 18310 18996 18277 17557 18243 18276 18278 18311 18997 18278 17558 18244 18277 18279 18312 18998 18279 17559 18245 18278 18280 18313 18999 18280 17560 18246 18279 18281 18314 19000 18281 17561 18247 18280 18282 18315 19001 18282 17562 18248 18281 18283 18316 19002 18283 17563 18249 18282 18284 18317 19003 18284 17564 18250 18283
21717 21754 22436 21717 20997 21679 21716 21718 21755 22437 21718 20998 21680 21717 21719 21756 22438 21719 20999 21681 21718 21720 21757 22439 21720 21000 21682 21719 21721 21758 22440 21721 21001 21683 21720 21722 21759 22441 21722 21002 21684 21721 21723 21760 22442 21723 21003 21685 21722 21724 21761 22443 21724 21004 21686 21723 21725 21762 22444 21725 21005 21687 21724 21726 21763 22445 21726 21006 21688 21725 21727 21764 22446 21727 21007 21689 21726
0.0931315 -8.94143 0.0986468 0.0544955 4.42193 4.17541 0.0923045 0.0986468 -8.48239 0.104498 0.0577279 4.17541 3.94248 0.0977796 0.104498 -8.05119 0.110691 0.0611493 3.94248 3.72261 0.103575 0.110691 -7.64656 0.117249 0.0647722 3.72261 3.51498 0.109711 0.117249 -7.26707 0.124196 0.0686096 3.51498 3.31889 0.116211 0.124196 -6.91148 0.131554 0.0726743 3.31889 3.13371 0.123096 0.131554 -6.57866 0.139346 0.076979 3.13371 2.95889 0.130387 0.139346 -6.26752 0.147596 0.0815367 2.95889 2.79379 0.138107 0.147596 -5.97698 0.156339 0.0863664 2.79379 2.63786 0.146288 0.156339 -5.7061 0.165597 0.0914811 2.63786 2.49061 0.154951 0.165597 -5.45405 0.175407 0.0969 2.49061 2.3516 0.164129
0.0311264 0.0534309 0.0534322 -0.28693 0.0566024 0.0566016 0.0311264 0.0293951 0.0566015 0.0566029 -0.297 0.0599617 0.0599608 0.0293951 0.0277589 0.0599607 0.0599622 -0.308049 0.0635198 0.0635188 0.0277589 0.0262123 0.0635187 0.0635202 -0.320128 0.0672916 0.0672904 0.0262123 0.0247515 0.0672905 0.0672917 -0.333249 0.0712822 0.0712807 0.0247515 0.023372 0.0712809 0.071282 -0.347486 0.075512 0.0755103 0.023372 0.0220691 0.0755107 0.0755116 -0.362869 0.079991 0.0799893 0.0220691 0.0208395 0.0799898 0.0799906 -0.37943 0.0847289 0.0847272 0.0208395 0.0196779 0.0847276 0.0847286 -0.397277 0.0897556 0.0897539 0.0196779 0.0185803 0.0897542 0.0897553 -0.416423 0.0950755 0.0950738 0.0185803 0.0175441 0.095074 0.0950752 -0.43694 0.100708 0.100707 0.0175441
-0.259492 0.0476074 0.0448734 0.0368916 0.0349066 0.0476056 0.0476074 -0.266718 0.0504362 0.0475406 0.0349066 0.0329648 0.0504342 0.0504361 -0.274775 0.0534377 0.0503688 0.0329648 0.03113 0.0534362 0.0534378 -0.283707 0.0566082 0.0533556 0.03113 0.0293982 0.0566071 0.0566079 -0.29358 0.0599668 0.0565212 0.0293982 0.0277608 0.0599663 0.0599665 -0.304406 0.0635219 0.0598662 0.0277608 0.026213 0.0635228 0.063521 -0.316261 0.0672924 0.0634215 0.026213 0.0247507 0.0672928 0.0672908 -0.329122 0.0712761 0.067171 0.0247507 0.0233703 0.0712791 0.071275 -0.343122 0.075507 0.0711609 0.0233703 0.0220689 0.0755091 0.0755058 -0.358295 0.0799938 0.0754049 0.0220689 0.0208407 0.0799922 0.0799945 -0.374587 0.0847333 0.0798684 0.0208407 0.0196801 0.0847307 0.0847336
0.88547 0.836074 0.00251919 4.03875 -10.1844 4.27811 0.836074 0.789446 0.00266849 4.27811 -10.6008 4.53157 0.789446 0.745414 0.00282659 4.53157 -11.0523 4.80004 0.745414 0.703829 0.00299405 4.80004 -11.5404 5.08441 0.703829 0.66456 0.00317143 5.08441 -12.0666 5.38558 0.66456 0.627486 0.00335929 5.38558 -12.6324 5.70444 0.627486 0.592473 0.00355818 5.70444 -13.2403 6.04234 0.592473 0.559405 0.00376894 6.04234 -13.8919 6.40017 0.559405 0.528178 0.00399214 6.40017 -14.5897 6.77928 0.528178 0.498698 0.00422862 6.77928 -15.3352 7.18056 0.498698 0.470861 0.00447892 7.18056 -16.1318 7.60582 0.470861 0.444572 0.00474417 7.60582 -16.9817 8.05615 0.444572 0.419757 0.00502507 8.05615 -17.8873
0.00224514 3.59944 -9.4508 3.81263 0.937739 0.885459 0.0023781 3.8126 -9.80156 4.03877 0.885459 0.836064 0.00251916 4.03875 -10.1844 4.27813 0.836064 0.789436 0.00266846 4.27811 -10.6008 4.5316 0.789436 0.745405 0.00282656 4.53157 -11.0523 4.80007 0.745405 0.703821 0.00299402 4.80004 -11.5404 5.08444 0.703821 0.664552 0.00317139 5.08441 -12.0666 5.38561 0.664552 0.627478 0.00335925 5.38558 -12.6324 5.70448 0.627478 0.592466 0.00355814 5.70444 -13.2403 6.04238 0.592466 0.559398 0.0037689 6.04234 -13.8919 6.40021 0.559398 0.528172 0.00399209 6.40017 -14.5897 6.77932 0.528172 0.498692 0.00422856 6.77928 -15.3352 7.18061 0.498692 0.470855 0.00447886 7.18057 -16.1318 7.60586 0.470855
0.0140767 2.56548 0.126203 0.119158 2.56548 0.0140768 -5.69624 0.0149106 2.71738 0.119158 0.112505 2.71738 0.0149103 -6.00678 0.0157929 2.87823 0.112505 0.106224 2.87823 0.0157929 -6.33714 0.0167277 3.04858 0.106224 0.100293 3.04858 0.0167276 -6.68849 0.0177184 3.22904 0.100293 0.0946936 3.22904 0.0177178 -6.97248 0.018766 3.42013 0.0946936 3.42013 0.0187663 -1.5992 0.00245546 0.447519 0.699245 0.447522 0.00245552 -2.29652 0.00245544 0.447512 0.699245 0.69734 0.447515 0.00245548 -2.1826 0.00244201 0.44508 0.69734 0.590218 0.445082 0.00244219 -2.30742 0.00332349 0.605729 0.590218 0.499094 0.605732 0.00332367 -2.26644 0.00353374 0.644034 0.499094 0.472207 0.644038 0.00353381 -2.29019 0.00374366 0.682282
