data/processor2/gnn/A_csr_10400.dat
nRows 23533
nCols 23533
[rows 0 to 13 of 14, columns 10318 to 10394 of 23533]
69631 69638 69645 69652 69659 69666 69673 69680 69687 69694 69701 69708 69715 69722 69729 69735 69741 69748 69755 69762 69769 69776 69783 69790 69797 69804 69811 69818 69825 69832 69839 69846 69853 69860 69867 69874 69881 69888 69895 69902 69909 69916 69923 69930 69937 69944 69950 69956 69963 69970 69977 69984 69991 69998 70005 70012 70019 70026 70033 70040 70047 70054 70061 70068 70075 70082 70089 70096 70103 70110 70117 70124 70131 70138 70145 70152 70159
1145 1553 1579 1581 1606 2015 1581 1146 1554 1580 1582 1607 2016 1582 1147 1555 1581 1583 1608 2017 1583 1148 1556 1582 1609 2018 1584 1149 1558 1585 1610 2019 1585 1150 1559 1584 1586 1611 2020 1586 1151 1560 1585 1587 1612 2021 1587 1152 1561 1586 1588 1613 2022 1588 1153 1562 1587 1589 1614 2023 1589 1154 1563 1588 1590 1615 2024 1590 1155 1564 1589 1591 1616 2025 1591 1156 1565
5554 5051 4556 5023 5050 5052 5079 5555 5052 4557 5024 5051 5053 5080 5556 5053 4558 5025 5052 5054 5081 5557 5054 4559 5026 5053 5055 5082 5558 5055 4560 5027 5054 5056 5083 5559 5056 4561 5028 5055 5057 5084 5560 5057 4562 5029 5056 5058 5085 5561 5058 4563 5030 5057 5059 5086 5562 5059 4564 5031 5058 5060 5087 5563 5060 4565 5032 5059 5061 5088 5564 5061 4566 5033 5060 5062 5089
8510 7959 8509 8511 8539 9088 8511 7960 8510 8512 8540 9089 8512 7961 8511 8513 8541 9090 8513 7962 8512 8514 8542 9091 8514 7963 8513 8515 8543 9092 8515 7964 8514 8516 8544 9093 8516 7965 8515 8517 8545 9094 8517 7966 8516 8518 8546 9095 8518 7967 8517 8519 8547 9096 8519 7968 8518 8520 8548 9097 8520 7969 8519 8521 8549 9098 8521 7970 8520 8522 8550 9099 8522 7971 8521 8523 8551
11967 11998 12638 11967 11308 11935 11966 11968 11999 12639 11968 11309 11936 11967 11969 12000 12640 11969 11310 11937 11968 11970 12001 12641 11970 11311 11938 11969 11971 12002 12642 11971 11312 11939 11970 11972 12003 12643 11972 11313 11940 11971 11973 12004 12644 11973 11314 11941 11972 11974 12005 12645 11974 11315 11942 11973 11975 12006 12646 11975 11316 11943 11974 11976 12007 12647 11976 11317 11944 11975 11977 12008 12648 11977 11318 11945 11976
14713 15381 15414 15416 15449 16123 15416 14714 15382 15415 15417 15450 16124 15417 14715 15383 15416 15418 15451 16125 15418 14716 15384 15417 15419 15452 16126 15419 14717 15385 15418 15420 15453 16127 15420 14718 15386 15419 15421 15454 16128 15421 14719 15387 15420 15422 15455 16129 15422 14720 15388 15421 15423 15456 16130 15423 14721 15389 15422 15424 15457 16131 15424 14722 15390 15423 15425 15458 16132 15425 14723 15391 15424 15426 15459 16133 15426
18859 18861 18898 19580 18861 18141 18823 18860 18862 18899 19581 18862 18142 18824 18861 18863 18900 19582 18863 18143 18825 18862 18864 18901 19583 18864 18144 18826 18863 18865 18902 19584 18865 18145 18827 18864 18866 18903 19585 18866 18146 18828 18865 18867 18904 19586 18867 18147 18829 18866 18868 18905 19587 18868 18148 18830 18867 18869 18906 19588 18869 18149 18831 18868 18870 18907 19589 18870 18150 18832 18869 18871 18908 19590 18871 18151 18833
22304 21584 22266 22303 22305 22342 23024 22305 21585 22267 22304 22306 22343 23025 22306 21586 22268 22305 22307 22344 23026 22307 21587 22269 22306 22308 22345 23027 22308 21588 22270 22307 22309 22346 23028 22309 21589 22271 22308 22310 22347 23029 22310 21590 22272 22309 22311 22348 23030 22311 21591 22273 22310 22312 22349 23031 22312 21592 22274 22311 22313 22350 23032 22313 21593 22275 22312 22314 22351 23033 22314 21594 22276 22313 22315 22352 23034
0.0125615 -3.81828 0.0133049 1.42928 0.168404 0.159004 2.03498 0.013305 -4.00674 0.0140928 1.51393 0.159004 0.150127 2.15549 0.0140929 -4.20841 0.0149273 1.60357 0.150127 0.141747 2.28312 0.0149274 -4.42391 0.0158107 1.69847 0.141747 0.133834 2.41824 0.0158109 -4.65414 0.0167468 1.79903 0.133834 0.126362 2.56142 0.016747 -4.7804 0.0177381 1.90552 0.126362 2.71304 0.0177383 -1.07677 0.00332396 0.570984 0.499138 0.00332391 -2.22958 0.00353405 0.607075 0.499138 0.472242 0.644062 0.00353404 -2.25113 0.00374393 0.643127 0.472242 0.445963 0.68231 0.00374392 -2.27935 0.00396672 0.681399 0.445963 0.421142 0.722913 0.00396671 -2.31489 0.00420207 0.721827 0.421142 0.397716 0.765804 0.00420206 -2.35811 0.00445144
2.85831 -8.35126 3.02802 1.17952 1.11379 0.00188872 3.02804 -8.58272 3.2076 1.11379 1.05172 0.00200073 3.20762 -8.84278 3.39792 1.05172 0.993077 0.00211945 3.39794 -9.13197 3.59944 0.993077 0.937739 0.00224514 3.59946 -9.4508 3.8126 0.937739 0.885459 0.0023781 3.81263 -9.80156 4.03875 0.885459 0.836064 0.00251916 4.03877 -10.1844 4.27811 0.836064 0.789436 0.00266846 4.27813 -10.6008 4.53157 0.789436 0.745405 0.00282656 4.5316 -11.0523 4.80004 0.745405 0.703821 0.00299402 4.80007 -11.5404 5.08441 0.703821 0.664552 0.00317139 5.08444 -12.0666 5.38558 0.664552 0.627478 0.00335925 5.38561 -12.6324 5.70444 0.627478 0.592466 0.00355814 5.70448 -13.2403 6.04234 0.592466 0.559398
0.0897693 -0.411042 0.0950904 0.089647 0.0185834 0.0175465 0.0950826 0.095092 -0.431192 0.100717 0.0949323 0.0175465 0.0165678 0.100712 0.100717 -0.452866 0.106693 0.100586 0.0165678 0.015644 0.106683 0.106693 -0.475973 0.11301 0.106535 0.015644 0.0147703 0.113002 0.113011 -0.500604 0.119694 0.11281 0.0147703 0.0139463 0.11969 0.119693 -0.527018 0.126793 0.119534 0.0139463 0.0131688 0.126783 0.126792 -0.555112 0.134302 0.126611 0.0131688 0.0124331 0.134292 0.134304 -0.584945 0.14224 0.134054 0.0124331 0.0117387 0.142238 0.142241 -0.616862 0.150676 0.142025 0.0117387 0.0110842 0.150666 0.150672 -0.650827 0.159606 0.150475 0.0110842 0.010466 0.159591 0.159605 -0.686883 0.169055 0.159375 0.010466 0.00988072 0.169045
0.0951174 0.095104 -0.437112 0.100752 0.100746 0.017552 0.0165721 0.100751 0.100739 -0.45905 0.106713 0.106706 0.0165721 0.0156461 0.106711 0.106702 -0.482495 0.113024 0.113017 0.0156461 0.0147717 0.113022 0.113014 -0.507535 0.119707 0.119703 0.0147717 0.0139465 0.119707 0.119699 -0.534245 0.126784 0.126782 0.0139465 0.0131674 0.126786 0.126779 -0.562745 0.134287 0.134286 0.0131674 0.0124322 0.134289 0.134283 -0.593119 0.142237 0.142238 0.0124322 0.0117381 0.142239 0.142235 -0.62547 0.150661 0.150663 0.0117381 0.0110829 0.150664 0.150661 -0.659863 0.159578 0.159581 0.0110829 0.0104642 0.15958 0.159577 -0.696466 0.16903 0.169033 0.0104642 0.00988008 0.169031 0.169028 -0.735371 0.179041 0.179043 0.00988008 0.00932863
0.0175442 0.0950765 0.0950756 -0.436942 0.100709 0.100708 0.0175442 0.0165655 0.100709 0.100708 -0.458902 0.106674 0.106673 0.0165655 0.0156413 0.106674 0.106674 -0.482383 0.112994 0.112993 0.0156413 0.0147685 0.112994 0.112993 -0.507452 0.119685 0.119685 0.0147685 0.0139445 0.119685 0.119685 -0.534196 0.126771 0.126771 0.0139445 0.0131665 0.126771 0.126771 -0.562721 0.134281 0.13428 0.0131665 0.0124316 0.134281 0.134281 -0.593098 0.142233 0.142232 0.0124316 0.0117377 0.142233 0.142232 -0.625452 0.150659 0.150658 0.0117377 0.0110825 0.150658 0.150657 -0.65985 0.159577 0.159576 0.0110825 0.0104639 0.159576 0.159575 -0.696444 0.169025 0.169024 0.0104639 0.00987963 0.169026 0.169025 -0.735338 0.179032 0.179032 0.00987963
0.100292 3.04858 0.0167274 -6.68851 0.0177176 3.22905 0.100292 0.0946924 3.22903 0.0177176 -6.9725 0.0187661 3.42015 0.0946924 3.42013 0.0187661 -1.5992 0.00245555 0.447519 0.699254 0.447519 0.00245555 -2.29655 0.00245551 0.447512 0.699254 0.697363 0.447512 0.00245551 -2.1827 0.00244222 0.445099 0.697363 0.590249 0.445099 0.00244228 -2.30751 0.00332372 0.605752 0.590249 0.499112 0.605752 0.00332379 -2.26648 0.00353385 0.644042 0.499112 0.472217 0.644041 0.00353387 -2.29022 0.00374372 0.682288 0.472217 0.445941 0.682288 0.00374374 -2.32077 0.0039665 0.72289 0.445941 0.421121 0.72289 0.00396652 -2.35878 0.00420184 0.76578 0.421121 0.397695 0.76578 0.00420186 -2.4046 0.0044512 0.811225 0.397695 0.375557 0.811225
