data/processor2/gnn/A_csr_10800.dat
nRows 23533
nCols 23533
[rows 0 to 13 of 14, columns 20636 to 20712 of 23533]
140116 140122 140128 140134 140140 140146 140152 140158 140164 140170 140176 140182 140188 140194 140200 140206 140212 140218 140224 140230 140235 140240 140246 140252 140258 140264 140270 140276 140282 140288 140294 140300 140306 140312 140318 140324 140330 140336 140342 140348 140354 140360 140366 140372 140378 140384 140390 140396 140402 140408 140414 140420 140426 140432 140438 140444 140450 140456 140461 140467 140474 140481 140488 140495 140502 140509 140516 140523 140530 140537 140544 140551 140558 140565 140572 140579 140586
2667 3074 3101 3103 3130 3537 3103 2668 3075 3102 3104 3131 3538 3104 2669 3076 3103 3105 3132 3539 3105 2670 3077 3104 3106 3133 3540 3106 2671 3078 3105 3107 3134 3541 3107 2672 3079 3106 3108 3135 3542 3108 2673 3080 3107 3109 3136 3543 3109 2674 3081 3108 3110 3137 3544 3110 2675 3082 3109 3111 3138 3545 3111 2676 3083 3110 3112 3139 3546 3112 2677 3084 3111 3113 3140 3547 3113
6566 6593 7069 6566 6062 6538 6565 6567 6594 7070 6567 6063 6539 6566 6568 6595 7071 6568 6064 6540 6567 6569 6596 7072 6569 6065 6541 6568 6570 6597 7073 6570 6066 6542 6569 6571 6598 7074 6571 6067 6543 6570 6572 6599 7075 6572 6068 6544 6571 6573 6600 7076 6573 6069 6545 6572 6574 6601 7077 6574 6070 6546 6573 6575 6602 7078 6575 6071 6547 6574 6576 6603 7079 6576 6072 6548 6575
9994 10026 10056 10640 10026 9995 10025 10027 10057 10641 10027 9423 9996 10026 10028 10058 10642 10028 9424 9997 10027 10029 10059 10643 10029 9425 9998 10028 10030 10060 10644 10030 9426 9999 10029 10031 10061 10645 10031 9427 10000 10030 10032 10062 10646 10032 9428 10001 10031 10033 10063 10647 10033 9429 10002 10032 10034 10064 10648 10034 9430 10003 10033 10035 10065 10649 10035 9431 10004 10034 10036 10066 10650 10036 9432 10005 10035
12788 13445 13477 13479 13511 14167 13479 13446 13478 13512 14168 13480 12789 13447 13481 14169 13481 12790 13448 13480 13482 14170 13482 12791 13449 13481 13483 14171 13483 12792 13450 13482 13484 13513 14172 13484 12793 13451 13483 13485 13514 14173 13485 12794 13452 13484 13486 13515 14174 13486 12795 13453 13485 13487 13516 14175 13487 12796 13454 13486 13488 13517 14176 13488 12797 13455 13487 13489 13518 14177 13489 12798 13456 13488 13490 13519 14178
16891 16926 16959 17645 16926 16206 16892 16925 16927 16960 17646 16927 16207 16893 16926 16928 16961 17647 16928 16208 16894 16927 16929 16962 17648 16929 16209 16895 16928 16930 16963 17649 16930 16210 16896 16929 16931 16964 17650 16931 16211 16897 16930 16932 16965 17651 16932 16212 16898 16931 16933 16966 17652 16933 16213 16899 16932 16934 16967 17653 16934 16214 16900 16933 16935 16968 17654 16935 16215 16901 16934 16936 16969 17655 16936 16216 16902
20402 21088 20369 19649 20331 20368 20370 20403 21089 20370 19650 20332 20369 20371 20404 21090 20371 19651 20333 20370 20372 20405 21091 20372 19652 20334 20371 20373 20406 21092 20373 19653 20335 20372 20374 20407 21093 20374 19654 20336 20373 20375 20408 21094 20375 19655 20337 20374 20376 20409 21095 20376 19656 20338 20375 20377 20410 21096 20377 19657 20339 20376 20378 20411 21097 20378 19658 20340 20377 20379 20412 21098 20379 19659 20341 20378 20380
-19.3105 0.377433 9.52201 8.99074 0.0429059 0.377432 -18.3249 0.399789 8.99074 8.48917 0.0454473 0.399789 -17.3997 0.42346 8.48917 8.01549 0.0481381 0.423459 -16.5317 0.448543 8.01549 7.56812 0.0509895 0.448542 -15.718 0.475106 7.56812 7.14566 0.0540092 0.475105 -14.9562 0.503249 7.14566 6.74682 0.0572084 0.503248 -14.2437 0.533037 6.74682 6.37022 0.0605947 0.533037 -13.5782 0.564605 6.37022 6.01456 0.0641833 0.564605 -12.9575 0.598035 6.01456 5.67884 0.0679836 0.598035 -12.3795 0.633428 5.67884 5.36183 0.0720069 0.633427 -11.8424 0.670932 5.36183 5.06246 0.0762703 0.670931 -6.56454 0.710647 5.06246 0.0807851 0.710647 -13.4819 0.0882999 0.0170021 13.2595 0.0287982 0.0882998
0.0233469 0.169245 0.0104781 0.0098966 0.169142 -0.402622 0.024746 0.179416 0.0098966 0.0093429 0.179221 -0.423894 0.0261848 0.189823 0.0093429 0.00881446 0.189728 -0.446722 0.0277222 0.200949 0.00881446 0.00832556 0.200912 -0.463808 0.0293998 0.213137 0.00832556 0.212945 -5.69188 2.01573 1.66009 0.00125674 2.0148 -7.5173 2.14312 1.66009 1.57063 0.00133616 2.14213 -7.595 2.27039 1.57063 1.48323 0.00141551 2.26934 -7.69528 2.4055 1.48323 1.40068 0.00149975 2.40438 -7.82028 2.54822 1.40068 1.32276 0.00158873 2.54704 -7.9712 2.69944 1.32276 1.24913 0.00168301 2.69819 -8.14835 2.85962 1.24913 1.17953 0.00178287 2.85829 -8.35267 3.02943 1.17953 1.1138 0.00188874 3.02802 -8.58422 3.20909
0.0294213 0.0566653 -0.177225 0.060008 0.0294213 0.0277792 0.060017 -0.181134 0.0635597 0.0277792 0.0262279 0.0635676 -0.185648 0.0673252 0.0262279 0.0247632 0.0673319 -0.19077 0.0713097 0.0247632 0.0233808 0.071316 -0.196531 0.0755343 0.0233808 0.0220754 0.0755403 -0.202941 0.0800083 0.0220754 0.0208437 0.0800131 -0.21001 0.0847407 0.0208437 0.0196807 0.0847449 -0.217795 0.089764 0.0196807 0.0185825 0.0897681 -0.226299 0.095084 0.0185825 0.0175459 0.095087 -0.235546 0.100716 0.0175459 0.0165666 0.100717 -0.245563 0.106678 0.0165666 0.0156415 0.106677 -0.256394 0.112992 0.0156415 0.0147686 0.112992 -0.268092 0.119687 0.0147686 0.0139454 0.11969 -0.280681 0.126783 0.0139454 0.0131679 0.126785 -0.294192 0.134296 0.0131679 0.012433 0.134296
0.0311765 0.0294363 0.056691 0.0566886 -0.297387 0.0600369 0.0600356 0.0294363 0.0277924 0.0600444 0.0600411 -0.308398 0.0635886 0.0635887 0.0277924 0.0262398 0.0635959 0.0635926 -0.320446 0.0673549 0.0673564 0.0262398 0.0247745 0.0673611 0.067359 -0.333542 0.0713414 0.0713433 0.0247745 0.0233913 0.0713458 0.0713454 -0.347751 0.075567 0.0755682 0.0233913 0.0220847 0.0755693 0.07557 -0.363096 0.0800394 0.0800399 0.0220847 0.0208512 0.0800405 0.0800403 -0.379611 0.0847683 0.0847679 0.0208512 0.0196863 0.0847698 0.084768 -0.39742 0.0897866 0.0897848 0.0196863 0.0185865 0.0897899 0.0897861 -0.416545 0.0951025 0.0950998 0.0185865 0.0175491 0.0951063 0.0951005 -0.437052 0.100735 0.100732 0.0175491 0.0165697 0.100737 0.100729 -0.459007 0.1067 0.106699
4.49036 -10.0363 4.75624 0.00502507 0.262469 0.247818 0.00851152 4.75624 -10.5716 5.03772 0.00532246 0.247818 0.233984 0.00901524 5.03772 -11.1421 5.33599 0.00563759 0.233984 0.22092 0.009549 5.33599 -11.7493 5.65185 0.00597131 0.22092 0.208587 0.0101143 5.65185 -12.3953 5.98636 0.00632473 0.208587 0.196941 0.0107129 5.98636 -12.8964 6.3407 0.0066991 0.196941 0.011347 6.3407 -1.85248 0.518804 0.0015726 0.810637 0.00266366 0.518804 -2.6631 0.518796 0.00157258 0.810637 0.810637 0.00266362 0.518796 -2.66311 0.518804 0.0015726 0.810637 0.810632 0.00266366 0.518804 -2.66312 0.518805 0.0015726 0.810632 0.810638 0.00266366 0.518805 -2.66091 0.518797 0.00157258 0.810638 0.808446 0.00266362 0.518797 -2.52892
0.0165881 0.0156716 0.106812 0.0147377 -0.385693 0.113123 0.113274 0.0156716 0.0147946 0.113208 0.0156209 -0.404678 0.11976 0.119812 0.0147946 0.0139595 0.119822 0.0165294 -0.425226 0.126831 0.126854 0.0139595 0.0131823 0.126896 0.0175032 -0.447509 0.134381 0.134454 0.0131823 0.0124514 0.13449 0.01855 -0.471153 0.142353 0.142457 0.0124514 0.0117609 0.142479 0.0196522 -0.496524 0.15083 0.151011 0.0117609 0.0111063 0.150987 0.0208278 -0.523162 0.159736 0.159891 0.0111063 0.0104827 0.159891 0.0220548 -0.551466 0.16916 0.169281 0.0104827 0.00989513 0.169296 0.0233516 -0.581761 0.179174 0.17931 0.00989513 0.00933769 0.179311 0.0247337 -0.613417 0.189673 0.189721 0.00933769 0.00881107 0.189704 0.0261704 -0.446702 0.200894 0.200958
3.04858 0.106222 0.100292 3.0486 0.0167274 -6.68851 0.0177176 3.22903 0.100292 0.0946924 3.22905 0.0177176 -6.9725 0.0187661 3.42013 0.0946924 3.42015 0.0187661 -1.5992 0.00245552 0.447522 0.699245 0.447519 0.00245552 -2.29654 0.00245548 0.447515 0.699245 0.69736 0.447512 0.00245548 -2.18271 0.00244227 0.445109 0.69736 0.590251 0.445106 0.00244228 -2.30753 0.00332377 0.605764 0.590251 0.499111 0.60576 0.00332378 -2.26648 0.00353384 0.644048 0.499111 0.472214 0.644044 0.00353384 -2.29022 0.0037437 0.682295 0.472214 0.445937 0.682291 0.0037437 -2.32078 0.00396648 0.722897 0.445937 0.421117 0.722893 0.00396648 -2.35878 0.00420181 0.765787 0.421117 0.397692 0.765782 0.00420182 -2.40461 0.00445117 0.811232 0.397692
