data/processor2/gnn/A_csr_10600.dat
nRows 23533
nCols 23533
[rows 0 to 13 of 14, columns 16786 to 16862 of 23533]
113776 113783 113790 113797 113804 113811 113817 113823 113830 113837 113844 113851 113858 113865 113872 113879 113886 113893 113900 113907 113914 113921 113928 113935 113942 113949 113956 113963 113970 113977 113984 113991 113998 114005 114012 114019 114026 114033 114040 114047 114053 114059 114066 114073 114080 114087 114094 114101 114108 114115 114122 114129 114136 114143 114150 114157 114164 114171 114178 114185 114192 114199 114206 114213 114220 114227 114234 114241 114248 114255 114262 114269 114276 114283 114289 114295 114302
2095 2504 2529 2531 2556 2965 2531 2096 2505 2530 2557 2966 2532 2097 2506 2533 2558 2967 2533 2098 2507 2532 2534 2559 2968 2534 2099 2508 2533 2535 2560 2969 2535 2100 2509 2534 2536 2561 2970 2536 2101 2510 2535 2537 2562 2971 2537 2102 2511 2536 2538 2563 2972 2538 2103 2512 2537 2539 2564 2973 2539 2104 2513 2538 2540 2565 2974 2540 2105 2514 2539 2541 2566 2975 2541 2106 2515
6505 6002 5498 5974 6001 6003 6030 6506 6003 5499 5975 6002 6004 6031 6507 6004 5500 5976 6003 6005 6032 6508 6005 5501 5977 6004 6006 6033 6509 6006 5502 5978 6005 6007 6034 6510 6007 5503 5979 6006 6008 6035 6511 6008 5504 5980 6007 6009 6036 6512 6009 5505 5981 6008 6010 6037 6513 6010 5506 5982 6009 6011 6038 6514 6011 5507 5983 6010 6012 6039 6515 6012 5508 5984 6011 6013 6040
10063 9458 8880 9429 9457 9459 9487 10064 9459 8881 9430 9458 9460 9488 10065 9460 8882 9431 9459 9461 9489 10066 9461 8883 9432 9460 9462 9490 10067 9462 8884 9433 9461 9463 9491 10068 9463 8885 9434 9462 9464 9492 10069 9464 8886 9435 9463 9465 9493 10070 9465 8887 9436 9464 9466 9494 10071 9466 8888 9437 9465 9467 9495 10072 9467 8889 9438 9466 9468 9496 10073 9468 8890 9439 9467 9469 9497
13612 12921 12246 12885 12920 12922 12957 13613 12922 12247 12886 12921 12923 12958 13614 12923 12248 12887 12922 12924 12959 13615 12924 12249 12888 12923 12925 12960 13616 12925 12250 12889 12924 12926 12961 13617 12926 12251 12890 12925 12927 12962 13618 12927 12252 12891 12926 12928 12963 13619 12928 12253 12892 12927 12929 12964 13620 12929 12254 12893 12928 12930 12965 13621 12930 12255 12894 12929 12931 12966 13622 12931 12256 12895 12930 12932 12967
16367 16369 16406 17088 16369 15660 16368 16370 16407 17089 16370 15661 16369 16408 17090 16371 16333 16372 16409 17091 16372 15662 16334 16371 16373 16410 17092 16373 15663 16335 16372 16374 16411 17093 16374 15664 16336 16373 16375 16412 17094 16375 15665 16337 16374 16376 16413 17095 16376 15666 16338 16375 16377 16414 17096 16377 15667 16339 16376 16378 16415 17097 16378 15668 16340 16377 16379 16416 17098 16379 15669 16341 16378 16380 16417 17099 16380
19769 19802 19804 19837 20523 19804 19084 19770 19803 19838 20524 19805 19085 19771 19806 19839 20525 19806 19086 19772 19805 19807 19840 20526 19807 19087 19773 19806 19808 19841 20527 19808 19088 19774 19807 19809 19842 20528 19809 19089 19775 19808 19810 19843 20529 19810 19090 19776 19809 19811 19844 20530 19811 19091 19777 19810 19812 19845 20531 19812 19092 19778 19811 19813 19846 20532 19813 19093 19779 19812 19814 19847 20533 19814 19094 19780 19813
23353 23320 22600 23286 23319 23321 23354 23321 22601 23287 23320 23322 23355 23322 22602 23288 23321 23323 23356 23323 22603 23289 23322 23324 23357 23324 22604 23290 23323 23325 23358 23325 22605 23291 23324 23326 23359 23326 22606 23292 23325 23327 23360 23327 22607 23293 23326 23328 23361 23328 22608 23294 23327 23329 23362 23329 22609 23295 23328 23330 23363 23330 22610 23296 23329 23331 23364 23331 22611 23297 23330 23332 23365 23332 22612 23298 23331
0.0111841 2.03837 0.158804 0.149942 2.0384 0.020821 -4.64326 0.0118458 2.15894 0.149942 0.141563 2.15894 0.0220393 -4.88431 0.0125469 2.2866 0.141563 0.13366 2.28661 0.0233206 -5.14236 0.0132904 2.42221 0.13366 0.126211 2.42226 0.0247323 -5.41727 0.0140775 2.56579 0.126211 0.11916 2.56581 0.0262232 -5.70873 0.0149097 2.71723 0.11916 0.11249 2.71722 0.0277121 -5.91306 0.0157913 2.87773 0.11249 2.87774 0.0293098 -1.82126 0.00374371 0.682303 0.445947 0.682303 0.00696645 -2.32426 0.00396652 0.722917 0.445947 0.421129 0.722916 0.00738217 -2.36247 0.00420186 0.765805 0.421129 0.397706 0.765806 0.00781969 -2.40855 0.00445126 0.811267 0.397706 0.375569 0.811268 0.0082855 -2.4625 0.00471536 0.859395
0.212751 0.00831591 0.212751 0.212753 -0.216437 0.0448349 0.0448465 0.0369445 0.0448983 0.0449128 -0.262388 0.0476202 0.0476228 0.0369445 0.034921 0.047638 0.0476414 -0.26971 0.0504446 0.0504465 0.034921 0.0329743 0.0504604 0.050463 -0.277916 0.0534435 0.0534449 0.0329743 0.0311364 0.0534573 0.0534591 -0.287014 0.0566122 0.0566132 0.0311364 0.0294027 0.0566239 0.0566251 -0.297071 0.0599706 0.0599712 0.0294027 0.0277649 0.0599806 0.0599809 -0.308114 0.0635286 0.0635289 0.0277649 0.0262175 0.063537 0.0635367 -0.320191 0.0673009 0.0673013 0.0262175 0.0247561 0.0673086 0.067307 -0.333314 0.0712921 0.0712927 0.0247561 0.0233762 0.0713004 0.0712965 -0.347555 0.0755222 0.0755229 0.0233762 0.0220733 0.0755324 0.0755279 -0.362952 0.0800033 0.0800037 0.0220733
2.26934 1.57062 1.48322 0.00141551 2.26934 -7.69416 2.40438 1.48322 1.40067 0.00149974 2.40439 -7.81909 2.54703 1.40067 1.32276 0.00158872 2.54704 -7.96994 2.69819 1.32276 1.24912 0.001683 2.69819 -8.14702 2.85829 1.24912 1.17953 0.00178287 2.8583 -8.35126 3.02802 1.17953 1.1138 0.00188874 3.02803 -8.58273 3.2076 1.1138 1.05172 0.00200075 3.2076 -8.84278 3.39792 1.05172 0.993085 0.00211946 3.39793 -9.13197 3.59944 0.993085 0.937746 0.00224516 3.59945 -9.4508 3.8126 0.937746 0.885467 0.00237812 3.81261 -9.80156 4.03875 0.885467 0.836071 0.00251918 4.03875 -10.1844 4.27811 0.836071 0.789443 0.00266848 4.27811 -10.6008 4.53157 0.789443 0.745411 0.00282658 4.53158
-0.595859 0.182665 0.0130755 0.10045 0.0948631 0.0221434 0.182662 -0.608775 0.19351 0.0138517 0.0948631 0.0895843 0.0234587 0.193507 -0.623691 0.204997 0.0146739 0.0895843 0.0845926 0.0248511 0.204992 -0.640662 0.21716 0.0155448 0.0845926 0.0798795 0.0263255 0.217159 -0.659768 0.230056 0.0164675 0.0798795 0.0754258 0.0278894 0.23005 -0.680973 0.243674 0.0174431 0.0754258 0.0712179 0.0295376 0.243675 -0.704517 0.25814 0.0184783 0.0712179 0.0672498 0.0312932 0.258137 -0.730291 0.273418 0.019572 0.0672498 0.0634933 0.0331437 0.273414 -0.758418 0.289574 0.02073 0.0634933 0.0599473 0.0350933 0.289581 -0.789208 0.306755 0.0219597 0.0599473 0.0566055 0.0371778 0.306763 -0.82256 0.324922 0.0232603 0.0566055 0.0534525 0.0393849 0.324935
0.467186 0.00406475 0.323488 0.30549 0.00688485 0.0644748 -1.16888 0.494989 0.00430666 0.30549 0.288489 0.00729468 0.068312 -1.16995 0.52436 0.0045622 0.288489 0.272442 0.00772757 0.0723655 -1.17488 0.555478 0.00483295 0.272442 0.257278 0.00818616 0.0766601 -1.18367 0.588442 0.00511975 0.257278 0.242944 0.00867209 0.0812096 -1.19637 0.623382 0.00542374 0.242944 0.229406 0.00918676 0.0860313 -1.21299 0.660356 0.00574544 0.229406 0.21662 0.0097319 0.0911343 -1.23363 0.699533 0.00608629 0.21662 0.204541 0.0103087 0.0965404 -1.25834 0.74102 0.00644725 0.204541 0.193142 0.0109203 0.102266 -1.28713 0.784901 0.00682904 0.193142 0.182373 0.0115666 0.108322 -1.32025 0.831449 0.00723401 0.182373 0.172199 0.012252 0.114745 -1.35772
0.237351 1.28624 0.00705761 -3.20131 0.00747575 1.36245 0.237351 0.224113 1.36245 0.00747575 -3.33789 0.00791864 1.44317 0.224113 0.21161 1.44316 0.00791865 -3.48552 0.00838777 1.52866 0.21161 0.199804 1.52866 0.00838777 -3.64465 0.00888461 1.61921 0.199804 0.188657 1.61921 0.00888461 -3.81577 0.00941064 1.71508 0.188657 0.17813 1.71508 0.00941064 -3.99959 0.00996807 1.81667 0.17813 0.168188 1.81667 0.00996807 -4.19661 0.0105584 1.92426 0.168188 0.1588 1.92425 0.0105584 -4.40758 0.0111838 2.03824 0.1588 0.149936 2.03824 0.0111838 -4.63297 0.0118458 2.15889 0.149936 0.141567 2.15888 0.0118458 -4.87381 0.0125473 2.28674 0.141567 0.133663 2.28674 0.0125473 -5.13072 0.0132903 2.42214 0.133663
