data/processor2/gnn/A_csr_10800.dat
nRows 23533
nCols 23533
[rows 0 to 13 of 14, columns 770 to 846 of 23533]
4791 4798 4805 4812 4819 4826 4833 4840 4847 4854 4861 4868 4875 4882 4889 4896 4903 4910 4917 4924 4931 4938 4945 4952 4959 4965 4971 4978 4985 4992 4999 5006 5013 5020 5027 5034 5041 5048 5055 5062 5069 5076 5083 5090 5097 5104 5111 5118 5125 5132 5139 5145 5151 5158 5165 5172 5179 5186 5193 5200 5207 5214 5221 5228 5235 5242 5249 5256 5263 5270 5277 5284 5291 5298 5305 5312 5319
161 568 134 106 133 135 162 569 135 107 134 136 163 570 136 108 135 137 164 571 137 109 136 138 165 572 138 110 137 139 166 573 139 111 138 167 574 140 112 141 168 575 141 113 140 142 169 576 142 114 141 143 170 577 143 115 142 144 171 578 144 116 143 145 172 579 145 117 144 146 173 580 146 118 145 147 174
3638 3640 3667 4074 3640 3205 3612 3639 3641 3668 4075 3641 3206 3613 3640 3642 3669 4076 3642 3207 3614 3641 3643 3670 4077 3643 3208 3615 3642 3644 3671 4078 3644 3209 3616 3643 3645 3672 4079 3645 3210 3617 3644 3646 3673 4080 3646 3211 3618 3645 3647 3674 4081 3647 3212 3619 3646 3675 4082 3648 3213 3620 3649 3676 4083 3649 3214 3621 3648 3650 3677 4084 3650 3215 3622 3649 3651
7643 7103 6599 7075 7102 7104 7131 7644 7104 6600 7076 7103 7105 7132 7645 7105 6601 7077 7104 7106 7133 7646 7106 6602 7078 7105 7107 7134 7647 7107 6603 7079 7106 7108 7135 7648 7108 6604 7080 7107 7109 7136 7649 7109 6605 7081 7108 7110 7137 7650 7110 6606 7082 7109 7111 7138 7651 7111 6607 7083 7110 7112 7139 7652 7112 6608 7084 7111 7113 7140 7653 7113 6609 7085 7112 7114 7141
11187 10565 9950 10534 10564 10566 10596 11188 10566 9951 10535 10565 10567 10597 11189 10567 9952 10536 10566 10568 10598 11190 10568 9953 10537 10567 10569 10599 11191 10569 9954 10538 10568 10570 10600 11192 10570 9955 10539 10569 10571 10601 11193 10571 9956 10540 10570 10572 10602 11194 10572 9957 10541 10571 10573 10603 11195 10573 9958 10542 10572 10574 10604 11196 10574 9959 10543 10573 10575 10605 11197 10575 9960 10544 10574 10576 10606
13328 13984 14016 14018 14050 14706 14018 13329 13985 14017 14019 14051 14707 14019 13330 13986 14018 14020 14052 14708 14020 13331 13987 14019 14021 14053 14709 14021 13332 13988 14020 14022 14054 14710 14022 13333 13989 14021 14023 14055 14711 14023 13334 13990 14022 14024 14056 14712 14024 13335 13991 14023 14025 14057 14713 14025 13336 13992 14024 14026 14058 14714 14026 13337 13993 14025 14027 14059 14715 14027 13338 13994 14026 14028 14060 14716 14028
17464 17501 18183 17464 16744 17426 17463 17465 17502 18184 17465 16745 17427 17464 17466 17503 18185 17466 16746 17428 17465 17467 17504 18186 17467 16747 17429 17466 17468 17505 18187 17468 16748 17430 17467 17469 17506 18188 17469 16749 17431 17468 17470 17507 18189 17470 16750 17432 17469 17508 18190 17471 16751 17433 17472 18191 17472 16752 17434 17471 17473 18192 17473 16753 17435 17472 17474 18193 17474 16754 17436 17473 17475 18194 17475 16755 17437
20187 20869 20906 20908 20945 21627 20908 20188 20870 20907 20909 20946 21628 20909 20189 20871 20908 20910 20947 21629 20910 20190 20872 20909 20911 20948 21630 20911 20191 20873 20910 20912 20949 21631 20912 20192 20874 20911 20913 20950 21632 20913 20193 20875 20912 20914 20951 21633 20914 20194 20876 20913 20915 20952 21634 20915 20195 20877 20914 20916 20953 21635 20916 20196 20878 20915 20917 20954 21636 20917 20197 20879 20916 20918 20955 21637 20918
0.131531 1.83055 1.72853 0.222765 0.0289261 -3.79728 0.0306424 0.139336 1.72853 1.63215 0.235983 0.0306424 -3.63585 0.0324597 0.147599 1.63215 1.5412 0.249979 0.0324597 -3.48637 0.034382 0.15634 1.5412 1.45528 0.264782 0.034382 -3.34832 0.0364214 0.165613 1.45528 1.3741 0.280488 0.0364214 -3.22126 0.0385799 0.175429 1.3741 1.29746 0.297112 0.0385799 -3.10483 0.0408657 0.185822 1.29746 1.2251 0.314715 0.0408657 -2.99861 0.0432868 0.196831 1.2251 1.15675 0.33336 0.0432868 -2.90227 0.0458512 0.208492 1.15675 1.09221 0.353109 0.0458512 -2.8155 0.0485672 0.220842 1.09221 1.03128 0.374025 0.0485672 -2.73799 0.0514427 0.233917 1.03128 0.973738 0.39617 0.0514427 -2.66952 0.0544898
0.0154111 1.04626 -2.50825 1.10821 0.00963753 0.136748 0.129117 0.0163233 1.10822 -2.62615 1.17381 0.010208 0.129117 0.121912 0.017289 1.17381 -2.75282 1.24334 0.0108127 0.121912 0.115108 0.018313 1.24334 -2.88859 1.31697 0.0114531 0.115108 0.108684 0.0193981 1.31698 -3.03401 1.39501 0.0121317 0.108684 0.102618 0.0205483 1.39502 -3.1893 1.47758 0.0128498 0.102618 0.0968904 0.0217644 1.47759 -3.35522 1.56509 0.0136107 0.0968904 0.0914815 0.0230532 1.5651 -3.53227 1.65778 0.0144168 0.0914815 0.0863754 0.0244191 1.65779 -3.72082 1.75587 0.0152699 0.0863754 0.081553 0.0258635 1.75588 -3.92178 1.85982 0.0161739 0.081553 0.0769996 0.0273943 1.85983 -4.06302 1.96993 0.0171314 0.0769996 0.0290167
-0.776713 0.189642 0.189644 0.00932916 0.00880807 0.189644 0.189646 -0.82059 0.200865 0.200867 0.00880807 0.00831604 0.200866 0.200868 -0.859321 0.21275 0.212752 0.00831604 0.212751 0.212753 -0.110208 0.0331352 0.0439307 0.0331423 -0.216132 0.045038 0.0450538 0.0439307 0.0370461 0.045063 -0.21508 0.0476847 0.0476893 0.0370461 0.0349651 0.0476944 -0.219515 0.0505072 0.0505118 0.0349651 0.0330131 0.0505181 -0.224706 0.0535023 0.0535069 0.0330131 0.0311693 0.0535147 -0.230613 0.0566653 0.0566699 0.0311693 0.0294294 0.0566789 -0.237284 0.060017 0.0600216 0.0294294 0.0277858 0.0600307 -0.244738 0.0635676 0.0635718 0.0277858 0.0262329 0.0635803 -0.253011 0.0673319 0.0673357 0.0262329 0.0247671 0.0673437 -0.262113 0.071316 0.0713193 0.0247671 0.0233838
0.0635784 -0.320367 0.0673415 0.0673317 0.0262341 0.0247683 0.0673475 0.0673438 -0.333444 0.071324 0.0713152 0.0247683 0.0233837 0.0713288 0.0713241 -0.347628 0.0755424 0.0755355 0.0233837 0.0220765 0.0755475 0.0755425 -0.362972 0.0800126 0.0800068 0.0220765 0.0208444 0.0800188 0.0800128 -0.379509 0.0847459 0.0847408 0.0208444 0.0196812 0.0847511 0.0847457 -0.397332 0.0897674 0.0897632 0.0196812 0.0185823 0.0897704 0.0897673 -0.416458 0.0950827 0.0950796 0.0185823 0.0175454 0.0950845 0.0950829 -0.436973 0.100715 0.100713 0.0175454 0.0165668 0.100717 0.100716 -0.458941 0.106683 0.10668 0.0165668 0.0156428 0.106685 0.106683 -0.482429 0.113006 0.113001 0.0156428 0.0147704 0.113006 0.113003 -0.507523 0.119705 0.119699 0.0147704 0.0139468 0.119701
0.00831595 0.00785162 0.212752 0.212746 -0.916628 0.225339 0.225342 0.00785162 0.00741325 0.225343 0.225339 -0.962127 0.238677 0.238679 0.00741325 0.238681 0.238676 -0.184002 0.0330788 0.0330794 0.051686 0.0330792 0.0330788 -0.235553 0.0330783 0.0330789 0.051686 0.0515528 0.0330787 0.0330783 -0.226844 0.0329314 0.0329048 0.0515528 0.04364 0.0329132 0.0329014 -0.259704 0.0448131 0.0447817 0.04364 0.0368997 0.0447919 0.0447775 -0.262265 0.0476223 0.0476106 0.0368997 0.0349099 0.0476134 0.0476086 -0.26966 0.0504602 0.0504396 0.0349099 0.0329695 0.0504428 0.0504375 -0.277916 0.0534746 0.0534439 0.0329695 0.0311382 0.0534489 0.0534414 -0.287068 0.0566544 0.0566204 0.0311382 0.0294106 0.0566279 0.0566164 -0.297175 0.0600198 0.0599875 0.0294106 0.0277767
-2.36241 0.007818 0.765789 0.421116 0.397692 0.765792 0.00420181 -2.40843 0.0082802 0.811224 0.397692 0.375556 0.811224 0.00445114 -2.46244 0.00877406 0.85938 0.375556 0.354638 0.859381 0.00471532 -2.52465 0.00929594 0.910419 0.354638 0.334878 0.910422 0.00499534 -2.59508 0.00984776 0.964417 0.334878 0.31622 0.964423 0.00529161 -2.67421 0.0104363 1.02167 0.31622 0.298596 1.02168 0.00560569 -2.7621 0.0110559 1.08227 0.298596 0.281954 1.08228 0.00593817 -2.85886 0.011706 1.14633 0.281954 0.266237 1.14634 0.00628974 -2.96548 0.0124077 1.21438 0.266237 0.251393 1.2144 0.00666298 -3.08173 0.0131459 1.28639 0.251393 0.237356 1.28639 0.00705794 -3.2076 0.0138957 1.36237 0.237356 0.22411 1.36239 0.00747548
