data/processor2/gnn/A_csr_10200.dat
nRows 23533
nCols 23533
[rows 0 to 13 of 14, columns 18865 to 18941 of 23533]
127989 127996 128003 128010 128017 128024 128031 128038 128045 128052 128059 128065 128071 128078 128085 128092 128099 128106 128113 128120 128127 128134 128141 128148 128155 128162 128169 128176 128183 128190 128197 128204 128211 128218 128225 128232 128239 128246 128253 128260 128267 128274 128281 128288 128295 128302 128309 128316 128323 128329 128334 128340 128346 128352 128359 128366 128373 128380 128387 128394 128401 128408 128415 128422 128429 128436 128443 128450 128457 128464 128471 128478 128485 128492 128499 128506 128513
2837 2839 2865 3273 2839 2404 2811 2838 2840 2866 3274 2840 2405 2812 2839 2841 2867 3275 2841 2406 2813 2840 2842 2868 3276 2842 2407 2814 2841 2843 2869 3277 2843 2408 2815 2842 2844 2870 3278 2844 2409 2816 2843 2845 2871 3279 2845 2410 2817 2844 2846 2872 3280 2846 2411 2818 2845 2847 2873 3281 2847 2412 2819 2846 2848 2874 3282 2848 2413 2820 2847 2849 2875 3283 2849 2414 2821
6329 6805 6302 5798 6274 6301 6330 6806 6303 5799 6275 6304 6331 6807 6304 5800 6276 6303 6305 6332 6808 6305 5801 6277 6304 6306 6333 6809 6306 5802 6278 6305 6307 6334 6810 6307 5803 6279 6306 6308 6335 6811 6308 5804 6280 6307 6309 6336 6812 6309 5805 6281 6308 6310 6337 6813 6310 5806 6282 6309 6311 6338 6814 6311 5807 6283 6310 6312 6339 6815 6312 5808 6284 6311 6313 6340 6816
9766 9768 9798 10382 9768 9182 9737 9767 9769 9799 10383 9769 9183 9738 9768 9770 9800 10384 9770 9184 9739 9769 9771 9801 10385 9771 9185 9740 9770 9772 9802 10386 9772 9186 9741 9771 9773 9803 10387 9773 9187 9742 9772 9774 9804 10388 9774 9188 9743 9773 9775 9805 10389 9775 9189 9744 9774 9776 9806 10390 9776 9190 9745 9775 9807 10391 9777 9746 9778 9808 10392 9778 9747 9777 9779 9809 10393
13185 13220 13222 13257 13913 13222 12539 13186 13221 13223 13258 13914 13223 12540 13187 13222 13224 13259 13915 13224 12541 13188 13223 13225 13260 13916 13225 12542 13189 13224 13226 13261 13917 13226 12543 13190 13225 13227 13262 13918 13227 12544 13191 13226 13228 13263 13919 13228 12545 13192 13227 13229 13264 13920 13229 12546 13193 13228 13230 13265 13921 13230 12547 13194 13229 13231 13266 13922 13231 12548 13195 13230 13232 13267 13923 13232 12549
15952 16631 16668 16670 16707 17389 16670 15953 16632 16669 16671 16708 17390 16671 15954 16633 16670 16672 16709 17391 16672 15955 16634 16671 16673 16710 17392 16673 15956 16635 16672 16674 16711 17393 16674 15957 16636 16673 16712 17394 16675 16637 16676 16713 17395 16676 15958 16638 16675 16677 16714 17396 16677 15959 16639 16676 16678 16715 17397 16678 15960 16640 16677 16679 16716 17398 16679 15961 16641 16678 16680 16717 17399 16680 15962 16642 16679
19393 20075 20112 20114 20151 20833 20114 19394 20076 20113 20115 20152 20834 20115 19395 20077 20114 20116 20153 20835 20116 19396 20078 20115 20117 20154 20836 20117 19397 20079 20116 20118 20155 20837 20118 19398 20080 20117 20119 20156 20838 20119 19399 20081 20118 20120 20157 20839 20120 19400 20082 20119 20121 20158 20840 20121 19401 20083 20120 20122 20159 20841 20122 19402 20084 20121 20160 20842 20123 19403 20085 20124 20161 20843 20124 19404 20086
1.08057 0.356094 0.0161191 -2.71797 0.222766 1.08057 1.02035 0.377212 0.017075 -2.63747 0.235984 1.02035 0.963459 0.399594 0.0180882 -2.56566 0.249979 0.963459 0.909771 0.423293 0.0191609 -2.50226 0.264783 0.909771 0.859052 0.448361 0.0202957 -2.44712 0.280489 0.859052 0.811129 0.474955 0.0214995 -2.40001 0.297112 0.811129 0.765892 0.503104 0.0227737 -2.36082 0.314715 0.765892 0.723174 0.532912 0.024123 -2.3294 0.33336 0.723174 0.68283 0.564484 0.0255521 -2.30566 0.35311 0.68283 0.644733 0.597926 0.0270659 -2.28954 0.374026 0.644733 0.608765 0.633343 0.0286691 -2.28094 0.39617 0.608765 0.574797 0.670841 0.0303665 -2.27989 0.419637 0.574797 0.542716 0.710578 0.0321653 -2.28635 0.444489
0.0209225 0.0628387 0.0593476 0.0354159 0.101817 -0.29784 0.0148875 0.0221662 0.0593476 0.0560512 0.0375217 0.107866 -0.302266 0.0157719 0.0234828 0.0560512 0.0529369 0.0397514 0.114272 -0.307701 0.0167103 0.0248798 0.0529369 0.0499914 0.0421175 0.121065 -0.314132 0.0177024 0.0263569 0.0499914 0.047209 0.044618 0.128254 -0.321616 0.0187551 0.027924 0.047209 0.0445809 0.0472727 0.135875 -0.330131 0.0198673 0.0295801 0.0445809 0.0420945 0.0500753 0.143933 -0.339741 0.0210456 0.0313344 0.0420945 0.0397505 0.053045 0.152471 -0.350469 0.0222937 0.0331925 0.0397505 0.0375322 0.0561922 0.161507 -0.362309 0.0236113 0.035155 0.0375322 0.0354351 0.0595097 0.171065 -0.375393 0.0250114 0.0372395 0.0354351 0.0334591 0.0630398 0.181208 -0.389699 0.0264928
0.00831659 0.212759 0.212765 -0.215945 0.0447642 0.0447654 0.0368865 0.044764 0.0447645 -0.262194 0.0476012 0.0476026 0.0368865 0.0349014 0.0476009 0.0476011 -0.269572 0.0504277 0.0504292 0.0349014 0.0329591 0.0504271 0.0504273 -0.277799 0.0534284 0.0534309 0.0329591 0.0311247 0.0534277 0.0534278 -0.286915 0.0565987 0.0566016 0.0311247 0.0293936 0.0565979 0.0565981 -0.296988 0.0599583 0.0599623 0.0293936 0.0277579 0.0599577 0.0599578 -0.308043 0.0635172 0.0635224 0.0277579 0.0262119 0.0635167 0.0635167 -0.32013 0.0672903 0.0672955 0.0262119 0.0247517 0.0672902 0.0672901 -0.33326 0.0712822 0.0712892 0.0247517 0.0233726 0.0712821 0.071282 -0.3475 0.0755129 0.075519 0.0233726 0.0220698 0.075513 0.0755128 -0.362887 0.0799924 0.0799989 0.0220698 0.0208402
0.00880815 0.00831614 0.200866 0.200865 -0.859332 0.212753 0.212757 0.00831614 0.212753 0.212753 -0.184002 0.0330788 0.033079 0.0516858 0.0330792 0.0330788 -0.235545 0.0330783 0.0330785 0.0516858 0.0515452 0.0330787 0.0330783 -0.226777 0.0329009 0.032896 0.0515452 0.0436272 0.0329118 0.0328965 -0.259623 0.0447757 0.0447698 0.0436272 0.0368908 0.0447894 0.0447704 -0.262212 0.0476041 0.0476022 0.0368908 0.0349025 0.0476106 0.0476021 -0.269587 0.0504305 0.050428 0.0349025 0.03296 0.0504381 0.0504278 -0.277814 0.0534317 0.0534287 0.03296 0.0311254 0.0534395 0.0534286 -0.286927 0.0566015 0.0565986 0.0311254 0.0293941 0.0566089 0.0565985 -0.296996 0.0599605 0.0599582 0.0293941 0.027758 0.0599671 0.0599581 -0.308046 0.0635183 0.0635169 0.027758 0.0262118
0.150667 0.150666 -0.659905 0.159592 0.159591 0.0110834 0.0104648 0.159588 0.159587 -0.696506 0.169045 0.16904 0.0104648 0.00988054 0.169039 0.169037 -0.735409 0.179055 0.179048 0.00988054 0.00932895 0.179051 0.179046 -0.776703 0.189645 0.189639 0.00932895 0.00880787 0.189644 0.189638 -0.820569 0.200864 0.200859 0.00880787 0.00831586 0.200863 0.200859 -0.867161 0.21275 0.212747 0.00831586 0.00785157 0.21275 0.212747 -0.91663 0.225342 0.22534 0.00785157 0.00741319 0.225342 0.22534 -0.962122 0.238678 0.238676 0.00741319 0.238678 0.238676 -0.184001 0.033079 0.033079 0.0516853 0.0330788 0.0330788 -0.235538 0.0330785 0.0330785 0.0516853 0.0515395 0.0330783 0.0330783 -0.226744 0.0329069 0.0328898 0.0515395 0.0436184 0.0329002 0.0328891
-0.20716 0.0330901 0.0331022 0.0517209 0.0515791 0.0331018 0.00456622 -0.198519 0.0329053 0.0329197 0.0515791 0.043655 0.0329187 0.00454103 -0.221149 0.0447841 0.0448042 0.043655 0.0369217 0.0448038 0.00618044 -0.221363 0.0476264 0.0476512 0.0369217 0.0349387 0.0476517 0.00657311 -0.226324 0.0504561 0.0504834 0.0349387 0.0329977 0.0504843 0.00696378 -0.231997 0.0534626 0.0534942 0.0329977 0.0311662 0.053497 0.00737917 -0.23842 0.0566402 0.0566792 0.0311662 0.0294344 0.0566811 0.00781837 -0.245597 0.0599995 0.0600373 0.0294344 0.0278013 0.0600423 0.00828178 -0.253673 0.0635753 0.0636303 0.0278013 0.0262545 0.0636339 0.00877713 -0.262459 0.0673394 0.0673859 0.0262545 0.0247925 0.0673913 0.00929539 -0.272241 0.071349 0.071413 0.0247925 0.0234166 0.0714189 0.00985072
0.0357378 -1.50899 0.00275798 0.296276 0.785369 0.421832 0.00275798 -2.29437 0.00275798 0.296276 0.785369 0.785375 0.421832 0.00275798 -2.29436 0.00275794 0.296272 0.785375 0.785375 0.421826 0.00275794 -2.29437 0.00275798 0.296276 0.785375 0.785369 0.421832 0.00275798 -2.29437 0.00275798 0.296276 0.785369 0.785375 0.421832 0.00275798 -2.29225 0.00275794 0.296272 0.785375 0.783257 0.421826 0.00275794 -2.16593 0.00274309 0.294677 0.783257 0.662953 0.419557 0.0027431 -2.20304 0.00373317 0.401037 0.662953 0.560588 0.57099 0.00373319 -2.13237 0.00396912 0.426384 0.560588 0.530379 0.607077 0.00396913 -2.13449 0.00420483 0.451705 0.530379 0.500866 0.643129 0.00420484 -2.14275 0.00445506 0.478586 0.500866 0.472989 0.6814 0.00445506
