data/processor2/gnn/A_csr_10600.dat
nRows 23533
nCols 23533
[rows 0 to 13 of 14, columns 21021 to 21097 of 23533]
142733 142740 142747 142754 142761 142768 142775 142782 142789 142796 142803 142810 142817 142824 142831 142837 142843 142850 142857 142864 142871 142878 142885 142892 142899 142906 142913 142920 142927 142934 142941 142948 142955 142962 142969 142976 142983 142990 142997 143004 143011 143018 143025 143032 143039 143046 143053 143060 143067 143074 143081 143088 143095 143101 143106 143112 143118 143124 143131 143138 143145 143152 143159 143166 143173 143180 143187 143194 143201 143208 143215 143222 143229 143236 143243 143250 143257
3185 3592 3158 2723 3130 3157 3159 3186 3593 3159 2724 3131 3158 3160 3187 3594 3160 2725 3132 3159 3161 3188 3595 3161 2726 3133 3160 3162 3189 3596 3162 2727 3134 3161 3163 3190 3597 3163 2728 3135 3162 3164 3191 3598 3164 2729 3136 3163 3165 3192 3599 3165 2730 3137 3164 3166 3193 3600 3166 2731 3138 3165 3167 3194 3601 3167 2732 3139 3166 3168 3195 3602 3168 2733 3140 3167 3169
6117 6593 6620 6622 6649 7125 6622 6118 6594 6621 6623 6650 7126 6623 6119 6595 6622 6624 6651 7127 6624 6120 6596 6623 6625 6652 7128 6625 6121 6597 6624 6626 6653 7129 6626 6122 6598 6625 6627 6654 7130 6627 6123 6599 6626 6628 6655 7131 6628 6124 6600 6627 6629 6656 7132 6629 6125 6601 6628 6630 6657 7133 6630 6126 6602 6629 6631 6658 7134 6631 6127 6603 6630 6632 6659 7135 6632
9475 10050 10080 10082 10112 10696 10082 9476 10051 10081 10083 10113 10697 10083 9477 10052 10082 10084 10114 10698 10084 9478 10053 10083 10085 10115 10699 10085 9479 10054 10084 10086 10116 10700 10086 9480 10055 10085 10117 10701 10087 10056 10088 10118 10702 10088 10057 10087 10089 10119 10703 10089 9481 10058 10088 10090 10120 10704 10090 9482 10059 10089 10091 10121 10705 10091 9483 10060 10090 10092 10122 10706 10092 9484 10061 10091 10093
14227 13539 12847 13540 13575 14228 13540 12848 13539 13541 13576 14229 13541 12849 13540 13542 13577 14230 13542 12850 13541 13543 13578 14231 13543 12851 13542 13544 13579 14232 13544 12852 13543 13545 13580 14233 13545 12853 13544 13546 13581 14234 13546 12854 13545 13547 13582 14235 13547 12855 13546 13548 13583 14236 13548 12856 13547 13549 13584 14237 13549 12857 13548 13550 13585 14238 13550 12858 13549 13551 13586 14239 13551 12859 13550 13552 13587
17014 17700 16981 16261 16947 16980 16982 17015 17701 16982 16262 16948 16981 16983 17016 17702 16983 16263 16949 16982 16984 17017 17703 16984 16264 16950 16983 16985 17018 17704 16985 16265 16951 16984 16986 17019 17705 16986 16266 16952 16985 16987 17020 17706 16987 16267 16953 16986 16988 17021 17707 16988 16268 16954 16987 16989 17022 17708 16989 16269 16955 16988 16990 17023 17709 16990 16270 16956 16989 16991 17024 17710 16991 16271 16957 16990 16992
20390 20423 20425 20458 21144 20425 19705 20391 20424 20426 20459 21145 20426 19706 20392 20425 20427 20460 21146 20427 19707 20393 20426 20428 20461 21147 20428 19708 20394 20427 20429 20462 21148 20429 19709 20395 20428 20430 20463 21149 20430 19710 20396 20429 20431 20464 21150 20431 19711 20397 20430 20432 20465 21151 20432 19712 20398 20431 20433 20466 21152 20433 19713 20399 20432 20434 20467 21153 20434 19714 20400 20433 20435 20468 21154 20435 19715
0.076979 3.13371 2.95889 0.130387 0.139346 -6.26752 0.147596 0.0815367 2.95889 2.79379 0.138107 0.147596 -5.97698 0.156339 0.0863664 2.79379 2.63786 0.146287 0.156339 -5.7061 0.165598 0.0914811 2.63786 2.49061 0.154951 0.165597 -5.45405 0.175407 0.0969 2.49061 2.3516 0.164129 0.175407 -5.21999 0.18579 0.102636 2.3516 2.22033 0.173844 0.185789 -5.00314 0.196792 0.108714 2.22033 2.09637 0.18414 0.196792 -4.80281 0.208445 0.115151 2.09637 1.97935 0.195043 0.208444 -4.61833 0.220781 0.121966 1.97935 1.86886 0.206586 0.22078 -4.44908 0.233852 0.129187 1.86886 1.76451 0.218817 0.233852 -2.62851 0.247695 0.136834 1.76451 0.23177 0.247695 -4.81444 0.0307763 0.0487784
0.22092 0.0101142 5.65184 -1.98916 0.702565 0.00212865 0.578617 0.00360545 0.702244 -2.62576 0.746975 0.00226319 0.578617 0.547438 0.00383339 0.746632 -2.65318 0.791336 0.0023976 0.547438 0.516976 0.00406104 0.790972 -2.68849 0.838428 0.00254027 0.516976 0.488202 0.00430271 0.838042 -2.73243 0.888173 0.00269099 0.488202 0.461045 0.004558 0.887764 -2.78544 0.940883 0.00285069 0.461045 0.435381 0.0048285 0.940448 -2.84761 0.996713 0.00301984 0.435381 0.411124 0.00511502 0.996252 -2.91927 1.0559 0.00319916 0.411124 0.388214 0.00541876 1.05541 -3.00045 1.11852 0.00338889 0.388214 0.366578 0.00574012 1.118 -3.09162 1.18489 0.00358997 0.366578 0.34614 0.00608071 1.18434 -3.19298 1.25516 0.00380289 0.34614 0.326851
0.00266846 0.493599 0.466071 0.00451985 2.52575 -6.26452 2.67537 0.00282656 0.466071 0.440076 0.00478764 2.67539 -6.53143 2.83387 0.00299402 0.440076 0.415525 0.00507128 2.83389 -6.81995 3.00176 0.00317139 0.415525 0.392342 0.00537173 3.00178 -7.131 3.17957 0.00335925 0.392342 0.370454 0.00568992 3.17959 -7.46548 3.36782 0.00355814 0.370454 0.349783 0.0060268 3.36784 -7.82483 3.56731 0.0037689 0.349783 0.330261 0.0063838 3.56733 -8.21 3.77857 0.0039921 0.330261 0.311825 0.00676185 3.77859 -8.62244 4.00239 0.00422857 0.311825 0.29442 0.00716239 4.00241 -9.0631 4.2393 0.00447887 0.29442 0.277986 0.00758635 4.23933 -9.53398 4.49036 0.00474411 0.277986 0.262466 0.00803562 4.49039 -10.0363 4.75624
0.00200073 3.20762 -8.84278 3.39793 1.05172 0.993077 0.00211945 3.39794 -9.13197 3.59945 0.993077 0.937739 0.00224514 3.59946 -9.45081 3.81261 0.937739 0.885459 0.0023781 3.81262 -9.80157 4.03875 0.885459 0.836064 0.00251916 4.03877 -10.1844 4.27811 0.836064 0.789436 0.00266846 4.27813 -10.6008 4.53158 0.789436 0.745405 0.00282656 4.5316 -11.0523 4.80005 0.745405 0.703821 0.00299402 4.80007 -11.5404 5.08442 0.703821 0.664552 0.00317139 5.08444 -12.0666 5.38559 0.664552 0.627478 0.00335925 5.38561 -12.6324 5.70445 0.627478 0.592466 0.00355814 5.70448 -13.2404 6.04235 0.592466 0.559398 0.0037689 6.04238 -13.892 6.40018 0.559398 0.528172 0.0039921 6.40021 -14.5897 6.77929 0.528172
0.242719 0.229193 0.00917809 0.623091 -1.78117 0.660046 0.00574013 0.229193 0.21642 0.00972252 0.660046 -1.83557 0.699207 0.00608071 0.21642 0.204353 0.0102992 0.699207 -1.89602 0.740676 0.00644134 0.204353 0.192965 0.0109101 0.740676 -1.96263 0.784537 0.00682279 0.192965 0.182207 0.0115561 0.784537 -2.03585 0.831067 0.00722746 0.182207 0.172042 0.0122413 0.831068 -2.11576 0.880324 0.00765582 0.172042 0.162447 0.0129669 0.880325 -2.20263 0.932477 0.00810938 0.162447 0.153387 0.013735 0.932478 -2.29682 0.98773 0.00858987 0.153387 0.144831 0.0145492 0.987731 -2.3986 1.04625 0.0090988 0.144831 0.136751 0.0154115 1.04625 -2.50828 1.10822 0.00963773 0.136751 0.129122 0.0163239 1.10822 -2.62623 1.17385 0.0102084
10.0845 0.0382404 0.336392 -20.6661 0.662747 10.0845 9.52196 0.0405059 0.356322 -19.635 0.70201 9.52196 8.9907 0.0429057 0.377431 -18.6687 0.743593 8.9907 8.48913 0.0454471 0.399788 -17.7638 0.787619 8.48913 8.01545 0.0481379 0.423458 -16.9173 0.834273 8.01545 7.56808 0.0509893 0.448541 -16.1265 0.883679 7.56808 7.14562 0.0540089 0.475104 -15.3889 0.936023 7.14562 6.74678 0.0572081 0.503247 -14.702 0.991429 6.74678 6.37019 0.0605944 0.533035 -14.0637 1.05014 6.37019 6.01453 0.064183 0.564603 -13.4717 1.11232 6.01453 5.67881 0.0679832 0.598033 -12.9242 1.17815 5.67881 5.3618 0.0720065 0.633425 -12.4193 1.24791 5.3618 5.06243 0.0762699 0.670929 -11.9554 1.32178
0.00791868 -3.48551 0.0083878 1.52866 0.211611 0.199804 1.52866 0.00838781 -3.64465 0.00888464 1.61921 0.199804 0.188658 1.61921 0.00888464 -3.81577 0.00941067 1.71508 0.188658 0.178131 1.71508 0.00941067 -3.99959 0.0099681 1.81667 0.178131 0.168189 1.81667 0.0099681 -4.19661 0.0105584 1.92425 0.168189 0.1588 1.92425 0.0105584 -4.40758 0.0111838 2.03824 0.1588 0.149937 2.03824 0.0111838 -4.63296 0.0118458 2.15888 0.149937 0.141567 2.15888 0.0118458 -4.8738 0.0125474 2.28674 0.141567 0.133664 2.28674 0.0125474 -5.13072 0.0132903 2.42214 0.133664 0.126203 2.42214 0.0132903 -5.40447 0.0140768 2.56548 0.126203 0.119158 2.56548 0.0140768 -5.69624 0.0149103 2.71738 0.119158 0.112505 2.71738
