data/processor2/gnn/A_csr_10200.dat
nRows 23533
nCols 23533
[rows 0 to 13 of 14, columns 13244 to 13320 of 23533]
89597 89604 89609 89615 89622 89629 89636 89643 89650 89657 89664 89671 89678 89685 89692 89699 89706 89713 89720 89727 89734 89741 89748 89755 89762 89769 89776 89783 89790 89797 89804 89811 89818 89825 89832 89839 89846 89853 89858 89862 89867 89872 89879 89886 89893 89900 89907 89914 89921 89928 89935 89942 89949 89956 89963 89970 89977 89984 89991 89998 90005 90012 90019 90026 90033 90040 90047 90054 90061 90068 90075 90082 90089 90096 90101 90107 90114
2036 2445 2011 1576 1984 2010 2012 2037 2446 2012 1577 1985 2011 2013 2038 2447 2013 1578 1986 2012 2014 2039 2448 2014 1579 1987 2013 2015 2040 2449 2015 1580 1988 2014 2016 2041 2450 2016 1581 1989 2015 2017 2042 2451 2017 1582 1990 2016 2018 2043 2452 2018 1583 1991 2017 2044 2453 2019 1584 1993 2020 2045 2454 2020 1585 1994 2019 2021 2046 2455 2021 1586 1995 2020 2022 2047 2456
5481 5483 5510 5986 5483 4979 5455 5482 5484 5511 5987 5484 4980 5456 5483 5485 5512 5988 5485 4981 5457 5484 5486 5513 5989 5486 4982 5458 5485 5487 5514 5990 5487 4983 5459 5486 5488 5515 5991 5488 4984 5460 5487 5489 5516 5992 5489 4985 5461 5488 5490 5517 5993 5490 4986 5462 5489 5518 5994 5491 4987 5463 5492 5519 5995 5492 4988 5464 5491 5493 5520 5996 5493 4989 5465 5492 5494
8935 8963 9512 8935 8384 8906 8934 8936 8964 9513 8936 8385 8907 8935 8937 8965 9514 8937 8386 8908 8936 8938 8966 9515 8938 8387 8909 8937 8939 8967 9516 8939 8388 8910 8938 8940 8968 9517 8940 8389 8911 8939 8941 8969 9518 8941 8390 8912 8940 8942 8970 9519 8942 8391 8913 8941 8943 8971 9520 8943 8392 8914 8942 8944 8972 9521 8944 8393 8915 8943 8945 8973 9522 8945 8394 8916 8944
13077 12399 11733 12364 12398 12400 12434 13078 12400 11734 12365 12399 12401 12435 13079 12401 11735 12366 12400 12402 12436 13080 12402 11736 12367 12401 12403 12437 13081 12403 11737 12368 12402 12404 12438 13082 12404 11738 12369 12403 12405 12439 13083 12405 11739 12370 12404 12406 12440 13084 12406 11740 12371 12405 12407 12441 13085 12407 11741 12372 12406 12408 12442 13086 12408 11742 12373 12407 12409 12443 13087 12409 11743 12374 12408 12410 12444
16562 15848 15140 15811 15847 15849 15885 16563 15849 15141 15812 15848 15850 15886 16564 15850 15142 15813 15849 15851 15887 16565 15851 15143 15814 15850 15852 15888 16566 15852 15144 15815 15851 15853 15889 16567 15853 15145 15816 15852 15854 15890 16568 15854 15146 15817 15853 15855 15891 16569 15855 15147 15818 15854 15856 15892 16570 15856 15148 15819 15855 15857 15893 16571 15857 15149 15820 15856 15858 15894 16572 15858 15150 15821 15857 15859 15895
19293 18573 19255 19292 19294 19331 20013 19294 18574 19256 19293 19295 19332 20014 19295 18575 19257 19294 19296 19333 20015 19296 18576 19258 19295 19297 19334 20016 19297 18577 19259 19296 19298 19335 20017 19298 18578 19260 19297 19299 19336 20018 19299 18579 19261 19298 19300 19337 20019 19300 18580 19262 19299 19301 19338 20020 19301 18581 19263 19300 19302 19339 20021 19302 18582 19264 19301 19303 19340 20022 19303 18583 19265 19302 19304 19341 20023
22726 22006 22692 22725 22727 22760 23446 22727 22007 22693 22726 22728 22761 23447 22728 22008 22694 22727 22729 22762 23448 22729 22009 22695 22728 22730 22763 23449 22730 22010 22696 22729 22731 22764 23450 22731 22011 22697 22730 22732 22765 23451 22732 22012 22698 22731 22733 22766 23452 22733 22013 22699 22732 22734 22767 23453 22734 22014 22700 22733 22735 22768 23454 22735 22015 22701 22734 22736 22769 23455 22736 22016 22702 22735 22737 22770 23456
0.224419 0.211899 1.5263 0.00997945 -3.18525 0.0105699 1.13548 0.211899 0.200075 1.61666 0.0105697 -3.32654 0.011196 1.20274 0.200075 0.188908 1.71242 0.0111952 -3.47879 0.011859 1.27397 0.188908 0.178364 1.81383 0.0118585 -3.64261 0.0125615 1.34944 0.178364 0.168409 1.92128 0.0125614 -3.81835 0.0133051 1.42932 0.168409 0.159008 2.03501 0.0133055 -4.0068 0.014093 1.51396 0.159008 0.15013 2.15552 0.0140934 -4.20849 0.0149275 1.6036 0.15013 0.14175 2.28315 0.014928 -4.42396 0.0158108 1.69849 0.14175 0.133836 2.41826 0.0158113 -4.65417 0.0167469 1.79905 0.133836 0.126363 2.56143 0.016747 -4.78045 0.0177382 1.90555 0.126363 2.71306 0.0177386 -1.07675 0.00332391 0.570971 0.49913
0.0897579 0.0897571 0.0196786 0.0185808 0.0897572 0.0897591 -0.416432 0.0950769 0.0950758 0.0185808 0.0175445 0.095076 0.0950779 -0.436951 0.10071 0.100709 0.0175445 0.0165661 0.10071 0.100711 -0.458919 0.106678 0.106677 0.0165661 0.0156419 0.106677 0.106679 -0.482395 0.112996 0.112996 0.0156419 0.014769 0.112995 0.112998 -0.507468 0.119688 0.119687 0.014769 0.0139453 0.119687 0.119691 -0.534233 0.126779 0.126779 0.0139453 0.0131677 0.126779 0.126783 -0.562775 0.134292 0.134294 0.0131677 0.0124328 0.134292 0.134298 -0.593145 0.142241 0.142244 0.0124328 0.0117385 0.142241 0.142248 -0.625481 0.150663 0.150665 0.0117385 0.0110831 0.150662 0.150669 -0.659872 0.15958 0.15958 0.0110831 0.0104643 0.159579 0.159584 -0.696461
0.494755 -1.62091 0.524113 0.00455795 0.288219 0.272187 0.00772002 0.524112 -1.65266 0.555218 0.00482844 0.272187 0.257037 0.00817817 0.555216 -1.68987 0.588167 0.00511498 0.257037 0.242717 0.00866365 0.588166 -1.73269 0.623094 0.00541872 0.242717 0.229192 0.00917808 0.623093 -1.78118 0.660052 0.00574011 0.229192 0.21642 0.00972257 0.66005 -1.83559 0.699218 0.00608071 0.21642 0.204354 0.0102995 0.699216 -1.89604 0.740687 0.00644134 0.204354 0.192967 0.0109103 0.740685 -1.96266 0.784554 0.00682282 0.192967 0.182209 0.0115566 0.784552 -2.0359 0.831089 0.00722752 0.182209 0.172044 0.012242 0.831088 -2.1158 0.880342 0.00765585 0.172044 0.162449 0.0129673 0.88034 -2.20269 0.932503 0.00810945 0.162449 0.153389 0.0137359
0.00741327 0.238676 0.23868 -0.184001 0.0330788 0.0330788 0.0516853 0.0330789 0.033079 -0.235684 0.0330783 0.0330783 0.0516853 0.0516853 0.0330785 0.0330785 -0.235686 0.0330787 0.0330787 0.0516853 0.0516849 0.0330789 0.0330789 -0.235686 0.0330788 0.0330788 0.0516849 0.0516853 0.033079 0.033079 -0.235536 0.0330783 0.0330783 0.0516853 0.0515373 0.0330785 0.0330785 -0.22671 0.0328893 0.0328898 0.0515373 0.0436148 0.032889 0.0328896 -0.259547 0.0447618 0.0447624 0.0436148 0.0368845 0.0447614 0.0447622 -0.262185 0.0475999 0.0476003 0.0368845 0.0349003 0.0476 0.0476004 -0.269566 0.0504263 0.050427 0.0349003 0.0329582 0.0504266 0.0504272 -0.277793 0.0534272 0.0534279 0.0329582 0.0311241 0.0534276 0.0534282 -0.28691 0.0565976 0.0565983 0.0311241 0.0293932
0.0208421 0.0799956 0.0800479 -0.3747 0.0847401 0.0798815 0.0208421 0.0196804 0.0847349 0.0848211 -0.392225 0.0897638 0.084613 0.0196804 0.0185821 0.0897601 0.0898261 -0.411044 0.0950819 0.0896238 0.0185821 0.0175462 0.0950788 0.0951315 -0.431331 0.100723 0.0949509 0.0175462 0.0165675 0.100716 0.100828 -0.452864 0.106682 0.100554 0.0165675 0.0156428 0.106679 0.106739 -0.475953 0.113003 0.106515 0.0156428 0.0147704 0.112999 0.113022 -0.500753 0.119702 0.112839 0.0147704 0.0139465 0.119695 0.119801 -0.527077 0.126787 0.119509 0.0139465 0.0131683 0.126781 0.126884 -0.555072 0.134297 0.126584 0.0131683 0.0124331 0.134292 0.134296 -0.584833 0.142243 0.134066 0.0124331 0.0117387 0.142242 0.142111 -0.616778 0.150668 0.14201 0.0117387
1.93857 0.198506 0.025776 -4.15819 0.0273066 0.124167 1.93857 1.83055 0.210294 0.0273066 -3.97122 0.0289261 0.131531 1.83055 1.72853 0.222765 0.0289261 -3.79728 0.0306424 0.139336 1.72853 1.63215 0.235983 0.0306424 -3.63585 0.0324597 0.147599 1.63215 1.5412 0.249979 0.0324597 -3.48637 0.034382 0.15634 1.5412 1.45528 0.264783 0.034382 -3.34833 0.0364214 0.165614 1.45528 1.3741 0.280488 0.0364214 -3.22126 0.03858 0.175429 1.3741 1.29746 0.297112 0.03858 -3.10483 0.0408657 0.185823 1.29746 1.2251 0.314715 0.0408657 -2.99862 0.0432868 0.196832 1.2251 1.15675 0.33336 0.0432868 -2.90227 0.0458513 0.208492 1.15675 1.09221 0.35311 0.0458513 -2.8155 0.0485672 0.220842 1.09221
