data/processor2/gnn/A_csr_10800.dat
nRows 23533
nCols 23533
[rows 0 to 13 of 14, columns 12243 to 12319 of 23533]
82741 82748 82755 82762 82768 82773 82780 82787 82794 82801 82808 82815 82822 82829 82836 82843 82850 82857 82864 82871 82878 82885 82892 82899 82906 82913 82920 82927 82934 82941 82948 82955 82962 82969 82976 82983 82990 82997 83004 83010 83015 83022 83029 83036 83043 83050 83057 83064 83071 83078 83085 83092 83099 83106 83113 83120 83127 83134 83141 83148 83155 83162 83169 83176 83183 83190 83197 83204 83211 83218 83225 83232 83239 83246 83252 83257 83264
1866 1431 1838 1865 1867 1894 2301 1867 1432 1839 1866 1868 1895 2302 1868 1433 1840 1867 1869 1896 2303 1869 1434 1841 1868 1870 1897 2304 1870 1435 1842 1869 1871 1898 2305 1871 1436 1843 1870 1872 1899 2306 1872 1437 1844 1871 1873 1900 2307 1873 1438 1845 1872 1874 1901 2308 1874 1439 1846 1873 1875 1902 2309 1875 1440 1847 1874 1876 1903 2310 1876 1441 1848 1875 1877 1904 2311
4827 5303 5330 5332 5835 5332 4828 5304 5331 5333 5836 5333 4829 5305 5332 5334 5837 5334 4830 5306 5333 5335 5838 5335 4831 5307 5334 5336 5839 5336 4832 5308 5335 5337 5840 5337 4833 5309 5336 5338 5841 5338 4834 5310 5337 5339 5842 5339 4835 5311 5338 5340 5843 5340 4836 5312 5339 5341 5844 5341 4837 5313 5340 5342 5845 5342 4838 5314 5341 5343 5846 5343 4839 5315 5342 5344 5847
8239 8761 8789 8791 8819 9368 8791 8240 8762 8790 8792 8820 9369 8792 8241 8763 8791 8793 8821 9370 8793 8242 8764 8792 8794 8822 9371 8794 8243 8765 8793 8795 8823 9372 8795 8244 8766 8794 8796 8824 9373 8796 8245 8767 8795 8797 8825 9374 8797 8246 8768 8796 8798 8826 9375 8798 8247 8769 8797 8799 8827 9376 8799 8248 8770 8798 8800 8828 9377 8800 8249 8771 8799 8801 8829 9378 8801
11592 12219 12253 12255 12289 12929 12255 11593 12220 12254 12256 12290 12930 12256 11594 12221 12255 12257 12291 12931 12257 11595 12222 12256 12258 12292 12932 12258 11596 12223 12257 12259 12293 12933 12259 11597 12224 12258 12260 12294 12934 12260 11598 12225 12259 12261 12295 12935 12261 11599 12226 12260 12262 12296 12936 12262 11600 12227 12261 12263 12297 12937 12263 11601 12228 12262 12264 12298 12938 12264 11602 12229 12263 12265 12299 12939 12265
15740 16414 15704 14996 15667 15703 15705 15741 16415 15705 14997 15668 15704 15706 15742 16416 15706 14998 15669 15705 15707 15743 16417 15707 14999 15670 15706 15708 15744 16418 15708 15000 15671 15707 15709 15745 16419 15709 15001 15672 15708 15710 15746 16420 15710 15002 15673 15709 15711 15747 16421 15711 15003 15674 15710 15712 15748 16422 15712 15004 15675 15711 15713 15749 16423 15713 15005 15676 15712 15714 15750 16424 15714 15006 15677 15713 15715
19104 19137 19139 19172 19858 19139 18419 19105 19138 19140 19173 19859 19140 18420 19106 19139 19141 19174 19860 19141 18421 19107 19140 19142 19175 19861 19142 18422 19108 19141 19143 19176 19862 19143 18423 19109 19142 19144 19177 19863 19144 18424 19110 19143 19145 19178 19864 19145 18425 19111 19144 19146 19179 19865 19146 18426 19112 19145 19147 19180 19866 19147 18427 19113 19146 19148 19181 19867 19148 18428 19114 19147 19149 19182 19868 19149 18429
22582 22615 23301 22582 21862 22548 22581 22616 23302 22583 21863 22549 22584 22617 23303 22584 21864 22550 22583 22585 22618 23304 22585 21865 22551 22584 22586 22619 23305 22586 21866 22552 22585 22587 22620 23306 22587 21867 22553 22586 22588 22621 23307 22588 21868 22554 22587 22589 22622 23308 22589 21869 22555 22588 22590 22623 23309 22590 21870 22556 22589 22591 22624 23310 22591 21871 22557 22590 22592 22625 23311 22592 21872 22558 22591 22593 22626
-8.0512 0.110691 0.0611493 3.94248 3.72261 0.103575 0.110691 -7.64657 0.117249 0.0647722 3.72261 3.51498 0.109711 0.117249 -7.26708 0.124196 0.0686096 3.51498 3.31889 0.116211 0.124196 -6.91148 0.131554 0.0726743 3.31889 3.13372 0.123096 0.131553 -6.57867 0.139346 0.076979 3.13372 2.95889 0.130387 0.139346 -6.26752 0.147596 0.0815367 2.95889 2.79379 0.138107 0.147596 -5.97698 0.156339 0.0863664 2.79379 2.63786 0.146288 0.156338 -5.7061 0.165598 0.0914811 2.63786 2.49061 0.154951 0.165597 -5.45405 0.175407 0.0969 2.49061 2.3516 0.164129 0.175406 -5.21999 0.185789 0.102636 2.3516 2.22034 0.173845 0.185789 -5.00315 0.196792 0.108714 2.22034 2.09637 0.18414 0.196792
0.0672907 0.0672907 -0.333253 0.0712821 0.071282 0.0247514 0.0233723 0.0712824 0.0712823 -0.347494 0.0755126 0.0755126 0.0233723 0.0220694 0.0755133 0.0755133 -0.362876 0.0799915 0.0799914 0.0220694 0.0208397 0.079992 0.0799919 -0.379436 0.0847293 0.0847293 0.0208397 0.0196782 0.0847299 0.0847299 -0.397286 0.0897561 0.0897563 0.0196782 0.0185804 0.0897573 0.0897574 -0.416424 0.0950747 0.0950745 0.0185804 0.0175441 0.0950753 0.0950753 -0.436945 0.100708 0.100708 0.0175441 0.016566 0.100709 0.100709 -0.458925 0.106678 0.106679 0.016566 0.015642 0.10668 0.10668 -0.482399 0.112996 0.112996 0.015642 0.0147689 0.112997 0.112998 -0.507459 0.119686 0.119685 0.0147689 0.0139451 0.119688 0.119687 -0.534231 0.126779 0.126777 0.0139451 0.0131679
0.0450462 0.0450493 -0.262791 0.0476952 0.0476927 0.0370439 0.034968 0.0476956 0.0476961 -0.270063 0.0505193 0.0505159 0.034968 0.0330163 0.0505223 0.0505215 -0.278255 0.0535163 0.0535122 0.0330163 0.0311731 0.0535199 0.0535176 -0.287336 0.0566827 0.0566782 0.0311731 0.0294343 0.0566854 0.0566821 -0.297371 0.0600372 0.060033 0.0294343 0.0277916 0.0600392 0.060036 -0.308384 0.0635888 0.0635856 0.0277916 0.0262389 0.0635909 0.0635882 -0.320425 0.067353 0.0673508 0.0262389 0.0247728 0.0673556 0.0673537 -0.333511 0.0713362 0.0713353 0.0247728 0.0233888 0.0713392 0.0713386 -0.347713 0.0755586 0.0755591 0.0233888 0.022082 0.0755616 0.0755628 -0.363059 0.0800291 0.080031 0.022082 0.0208492 0.0800327 0.0800351 -0.379583 0.0847592 0.0847615 0.0208492 0.019685
0.0239266 0.0881561 0.727264 -0.942855 0.0551441 0.0239266 0.0934022 0.770382 -0.259219 0.0629844 0.0129369 0.098416 0.0218961 0.0629858 -0.357643 0.0629868 0.0129372 0.098416 0.0984182 0.021897 0.0629878 -0.357649 0.0629875 0.0129374 0.0984182 0.0984201 0.0218972 0.0629886 -0.357663 0.0629911 0.012938 0.0984201 0.0984231 0.0218986 0.062992 -0.357389 0.0629896 0.0129377 0.0984231 0.0981497 0.021898 0.0629904 -0.341145 0.0626409 0.0128662 0.0981497 0.0830689 0.0217766 0.0626423 -0.370972 0.0852522 0.0175104 0.0830689 0.0702491 0.0296373 0.0852536 -0.368169 0.0906562 0.01862 0.0702491 0.0664704 0.031516 0.0906571 -0.374446 0.0960433 0.0197262 0.0664704 0.0627732 0.0333892 0.0960437 -0.381854 0.101761 0.0209005 0.0627732 0.059282 0.0353762 0.101761
0.654492 -1.58099 0.692977 0.0172901 0.0762271 0.0719732 0.0292827 0.693235 -1.65755 0.734008 0.018314 0.0719732 0.0679564 0.031016 0.734281 -1.73967 0.777501 0.019399 0.0679564 0.0641652 0.0328551 0.777794 -1.8277 0.823593 0.0205486 0.0641652 0.0605846 0.0348041 0.824008 -1.92153 0.87233 0.0217647 0.0605846 0.0572027 0.0368624 0.87279 -2.02173 0.923999 0.0230539 0.0572027 0.0540091 0.0390465 0.924423 -2.12875 0.978705 0.0244188 0.0540091 0.0509944 0.0413571 0.979264 -2.24267 1.03663 0.0258641 0.0509944 0.0481474 0.0438053 1.03722 -2.36382 1.09798 0.027395 0.0481474 0.0454584 0.0463979 1.09844 -2.49302 1.16296 0.0290164 0.0454584 0.0429213 0.0491422 1.16352 -2.6307 1.23186 0.0307348 0.0429213 0.0405259 0.0520554
0.0321734 0.283021 -23.9242 0.299809 11.9794 11.3111 0.0340818 0.299809 -22.6627 0.317577 11.3111 10.6803 0.0361017 0.317577 -21.4759 0.336393 10.6803 10.0846 0.0382406 0.336393 -20.3598 0.356323 10.0846 9.52201 0.0405061 0.356323 -19.3105 0.377432 9.52201 8.99074 0.0429059 0.377432 -18.3249 0.399789 8.99074 8.48917 0.0454473 0.399789 -17.3997 0.423459 8.48917 8.01549 0.0481381 0.423459 -16.5317 0.448542 8.01549 7.56812 0.0509895 0.448542 -15.718 0.475105 7.56812 7.14566 0.0540092 0.475105 -14.9562 0.503248 7.14566 6.74682 0.0572084 0.503248 -14.2437 0.533037 6.74682 6.37022 0.0605947 0.533037 -13.5782 0.564605 6.37022 6.01456 0.0641833 0.564605 -12.9575 0.598035 6.01456
